-0.53074,-0.65741,0.62019,-2.1528,-0.51372,3.1724,0.091237
-0.5307,-0.65738,0.62017,-2.1527,-0.51372,3.1724,0.091209
-0.53048,-0.65722,0.62001,-2.1524,-0.51369,3.1721,0.091023
-0.52989,-0.65679,0.61961,-2.1517,-0.51362,3.1714,0.090539
-0.5288,-0.65599,0.61887,-2.1502,-0.51349,3.1701,0.08964
-0.52709,-0.65474,0.61771,-2.148,-0.51328,3.1681,0.088229
-0.52466,-0.65296,0.61607,-2.1447,-0.51298,3.1652,0.08623
-0.52147,-0.6506,0.61391,-2.1405,-0.51259,3.1614,0.083589
-0.51747,-0.64763,0.61122,-2.1351,-0.51209,3.1566,0.080273
-0.51264,-0.64404,0.60799,-2.1285,-0.5115,3.1507,0.076269
-0.50701,-0.63981,0.60423,-2.1208,-0.51079,3.1439,0.071587
-0.50062,-0.63498,0.59999,-2.112,-0.51,3.136,0.066256
-0.49353,-0.62958,0.59532,-2.1021,-0.50911,3.1273,0.06033
-0.48584,-0.62366,0.59029,-2.0912,-0.50813,3.1176,0.053879
-0.47768,-0.61731,0.58499,-2.0794,-0.50709,3.1073,0.046997
-0.46918,-0.61061,0.57954,-2.0669,-0.506,3.0964,0.039801
-0.46052,-0.60366,0.57407,-2.0539,-0.50488,3.085,0.032425
-0.4519,-0.5966,0.56871,-2.0405,-0.50374,3.0734,0.025027
-0.44356,-0.58958,0.56365,-2.0271,-0.50263,3.0619,0.017786
-0.43573,-0.58275,0.55907,-2.0139,-0.50155,3.0507,0.010901
-0.4287,-0.57631,0.55515,-2.0012,-0.50055,3.04,0.0045945
-0.42239,-0.57023,0.55183,-1.9891,-0.49961,3.0299,-0.0011957
-0.41674,-0.56448,0.54904,-1.9774,-0.49873,3.0203,-0.0065191
-0.41169,-0.55907,0.54672,-1.9662,-0.49787,3.0112,-0.011425
-0.40717,-0.55397,0.5448,-1.9555,-0.49704,3.0027,-0.015963
-0.40313,-0.54916,0.5432,-1.9453,-0.49621,2.9946,-0.020183
-0.39949,-0.54465,0.54187,-1.9356,-0.49538,2.9871,-0.024134
-0.39621,-0.54041,0.54073,-1.9264,-0.49453,2.98,-0.027865
-0.3932,-0.53642,0.53972,-1.9176,-0.49364,2.9734,-0.031427
-0.39043,-0.53268,0.53876,-1.9094,-0.49272,2.9672,-0.034868
-0.38781,-0.52918,0.53779,-1.9016,-0.49173,2.9614,-0.038237
-0.38529,-0.52589,0.53674,-1.8943,-0.49067,2.9561,-0.041585
-0.3828,-0.52281,0.53555,-1.8875,-0.48953,2.9513,-0.044961
-0.38029,-0.51991,0.53414,-1.8812,-0.48829,2.9468,-0.048414
-0.37769,-0.5172,0.53244,-1.8753,-0.48693,2.9427,-0.051994
-0.37493,-0.51465,0.5304,-1.8699,-0.48545,2.939,-0.055749
-0.37196,-0.51225,0.52793,-1.865,-0.48384,2.9357,-0.059731
-0.36872,-0.50999,0.52498,-1.8605,-0.48207,2.9327,-0.063988
-0.36513,-0.50785,0.52148,-1.8565,-0.48013,2.9301,-0.068569
-0.36127,-0.50587,0.51748,-1.8531,-0.47808,2.9278,-0.073376
-0.35705,-0.50399,0.51293,-1.8501,-0.47587,2.9259,-0.078516
-0.3525,-0.5022,0.50785,-1.8474,-0.47351,2.9242,-0.08397
-0.34763,-0.5005,0.50229,-1.8451,-0.47101,2.9229,-0.089717
-0.34246,-0.49889,0.49628,-1.8432,-0.46838,2.9217,-0.095736
-0.33703,-0.49734,0.48985,-1.8415,-0.46562,2.9208,-0.10201
-0.33134,-0.49587,0.48303,-1.8401,-0.46274,2.92,-0.10851
-0.32543,-0.49446,0.47586,-1.839,-0.45976,2.9195,-0.11522
-0.31931,-0.49311,0.46838,-1.8381,-0.45669,2.919,-0.12212
-0.31301,-0.49181,0.46062,-1.8373,-0.45352,2.9188,-0.1292
-0.30654,-0.49056,0.45261,-1.8367,-0.45028,2.9186,-0.13642
-0.29994,-0.48936,0.44439,-1.8363,-0.44697,2.9186,-0.14377
-0.29321,-0.48818,0.43599,-1.8359,-0.4436,2.9186,-0.15123
-0.28639,-0.48704,0.42745,-1.8356,-0.44017,2.9186,-0.15877
-0.2795,-0.48592,0.4188,-1.8354,-0.4367,2.9187,-0.16639
-0.27255,-0.48483,0.41008,-1.8352,-0.4332,2.9189,-0.17404
-0.26557,-0.48374,0.40131,-1.835,-0.42968,2.919,-0.18173
-0.25858,-0.48267,0.39254,-1.8347,-0.42613,2.9191,-0.18942
-0.2516,-0.48159,0.3838,-1.8343,-0.42259,2.9191,-0.1971
-0.24466,-0.48051,0.37513,-1.8339,-0.41904,2.9191,-0.20474
-0.23778,-0.47942,0.36655,-1.8333,-0.41551,2.919,-0.21232
-0.23097,-0.47832,0.3581,-1.8326,-0.41199,2.9187,-0.21983
-0.22433,-0.47721,0.34991,-1.8318,-0.40855,2.9184,-0.22716
-0.21779,-0.47609,0.34187,-1.8307,-0.40512,2.9179,-0.23441
-0.21133,-0.47494,0.33398,-1.8295,-0.40172,2.9174,-0.24157
-0.20497,-0.47379,0.32623,-1.8281,-0.39834,2.9167,-0.24866
-0.19868,-0.47262,0.31861,-1.8266,-0.39497,2.9159,-0.25567
-0.19248,-0.47145,0.31112,-1.825,-0.39162,2.9151,-0.26262
-0.18635,-0.47026,0.30375,-1.8233,-0.38827,2.9141,-0.26951
-0.1803,-0.46908,0.29648,-1.8214,-0.38493,2.9131,-0.27635
-0.17431,-0.46789,0.28932,-1.8195,-0.38158,2.912,-0.28314
-0.16839,-0.4667,0.28226,-1.8174,-0.37824,2.9109,-0.28988
-0.16253,-0.46551,0.27528,-1.8153,-0.37489,2.9096,-0.2966
-0.15673,-0.46433,0.26838,-1.8131,-0.37153,2.9084,-0.30328
-0.15098,-0.46315,0.26156,-1.8109,-0.36816,2.9071,-0.30994
-0.14529,-0.46199,0.2548,-1.8086,-0.36477,2.9058,-0.31659
-0.13964,-0.46083,0.2481,-1.8062,-0.36136,2.9044,-0.32322
-0.13404,-0.45969,0.24145,-1.8039,-0.35793,2.903,-0.32985
-0.12847,-0.45856,0.23484,-1.8015,-0.35447,2.9016,-0.33648
-0.12294,-0.45745,0.22827,-1.7991,-0.35098,2.9002,-0.34311
-0.11745,-0.45636,0.22173,-1.7967,-0.34746,2.8988,-0.34976
-0.11199,-0.45529,0.2152,-1.7943,-0.3439,2.8974,-0.35642
-0.10655,-0.45425,0.20869,-1.7919,-0.3403,2.896,-0.36312
-0.10113,-0.45323,0.20218,-1.7895,-0.33666,2.8946,-0.36984
-0.095733,-0.45225,0.19567,-1.7872,-0.33296,2.8933,-0.3766
-0.090293,-0.45128,0.18909,-1.7849,-0.32918,2.892,-0.38347
-0.084868,-0.45034,0.18249,-1.7827,-0.32535,2.8907,-0.39038
-0.079456,-0.44941,0.17588,-1.7805,-0.32147,2.8894,-0.39733
-0.074056,-0.44851,0.16927,-1.7782,-0.31755,2.8882,-0.40431
-0.068668,-0.44761,0.16265,-1.776,-0.31359,2.8869,-0.41132
-0.063291,-0.44672,0.15602,-1.7737,-0.30958,2.8856,-0.41836
-0.057923,-0.44583,0.14939,-1.7714,-0.30554,2.8843,-0.42543
-0.052564,-0.44493,0.14276,-1.7691,-0.30147,2.883,-0.43251
-0.047212,-0.44402,0.13612,-1.7667,-0.29736,2.8817,-0.43961
-0.041867,-0.44309,0.12948,-1.7642,-0.29323,2.8803,-0.44672
-0.036528,-0.44214,0.12284,-1.7617,-0.28907,2.8788,-0.45384
-0.031193,-0.44116,0.11619,-1.759,-0.28488,2.8773,-0.46097
-0.025862,-0.44014,0.10955,-1.7562,-0.28068,2.8757,-0.4681
-0.020534,-0.43909,0.10291,-1.7533,-0.27645,2.8741,-0.47523
-0.015208,-0.43799,0.096271,-1.7502,-0.27221,2.8723,-0.48236
-0.0098824,-0.43685,0.089635,-1.747,-0.26796,2.8705,-0.48948
-0.0045568,-0.43564,0.083004,-1.7436,-0.26369,2.8685,-0.49659
0.00076998,-0.43438,0.076377,-1.74,-0.25942,2.8665,-0.50368
0.0060988,-0.43305,0.069756,-1.7362,-0.25514,2.8643,-0.51076
0.011431,-0.43164,0.063141,-1.7322,-0.25086,2.8619,-0.51781
0.016767,-0.43016,0.056534,-1.728,-0.24657,2.8595,-0.52485
0.022108,-0.4286,0.049936,-1.7235,-0.24229,2.8569,-0.53185
0.027455,-0.42694,0.043347,-1.7188,-0.23801,2.8541,-0.53882
0.032881,-0.42518,0.036678,-1.7137,-0.23368,2.8511,-0.54586
0.038309,-0.42333,0.03002,-1.7084,-0.22936,2.848,-0.55286
0.043736,-0.42142,0.023374,-1.7029,-0.22505,2.8448,-0.55983
0.049157,-0.41947,0.016741,-1.6973,-0.22074,2.8414,-0.56676
0.054568,-0.41748,0.01012,-1.6916,-0.21644,2.8381,-0.57367
0.059964,-0.41549,0.0035123,-1.6858,-0.21215,2.8346,-0.58054
0.06534,-0.4135,-0.003081,-1.68,-0.20787,2.8312,-0.58739
0.070693,-0.41154,-0.0096598,-1.6743,-0.2036,2.8278,-0.59421
0.076017,-0.40961,-0.016223,-1.6686,-0.19933,2.8245,-0.601
0.081309,-0.40775,-0.022771,-1.6631,-0.19507,2.8212,-0.60776
0.086565,-0.40595,-0.029302,-1.6577,-0.19083,2.8181,-0.6145
0.091779,-0.40425,-0.035817,-1.6526,-0.18659,2.8151,-0.62122
0.096947,-0.40266,-0.042313,-1.6477,-0.18235,2.8122,-0.62792
0.10207,-0.40119,-0.048792,-1.6432,-0.17813,2.8095,-0.63459
0.10713,-0.39987,-0.055251,-1.639,-0.17392,2.8071,-0.64125
0.11213,-0.3987,-0.061691,-1.6352,-0.16972,2.8049,-0.64788
0.11708,-0.39772,-0.068111,-1.6318,-0.16552,2.803,-0.6545
0.12195,-0.39692,-0.074511,-1.6289,-0.16134,2.8013,-0.6611
0.12675,-0.39634,-0.080889,-1.6266,-0.15716,2.8001,-0.66769
0.13148,-0.39598,-0.087246,-1.6249,-0.153,2.7991,-0.67426
0.13612,-0.39587,-0.09358,-1.6238,-0.14885,2.7986,-0.68081
0.14068,-0.39603,-0.099891,-1.6234,-0.1447,2.7985,-0.68736
0.14515,-0.39646,-0.10618,-1.6236,-0.14057,2.7988,-0.69389
0.14942,-0.39716,-0.11229,-1.6246,-0.13655,2.7995,-0.70026
0.15361,-0.39813,-0.11839,-1.6263,-0.13253,2.8007,-0.70662
0.15773,-0.39934,-0.12446,-1.6286,-0.12852,2.8023,-0.71297
0.16178,-0.40078,-0.13052,-1.6315,-0.12452,2.8042,-0.71933
0.16577,-0.40243,-0.13658,-1.635,-0.12053,2.8065,-0.72569
0.16971,-0.40428,-0.14262,-1.6389,-0.11654,2.809,-0.73206
0.17361,-0.4063,-0.14866,-1.6433,-0.11255,2.8119,-0.73844
0.17748,-0.40848,-0.1547,-1.6481,-0.10856,2.8149,-0.74484
0.18131,-0.4108,-0.16074,-1.6532,-0.10457,2.8182,-0.75126
0.18513,-0.41325,-0.16678,-1.6586,-0.10058,2.8217,-0.7577
0.18893,-0.4158,-0.17284,-1.6642,-0.096593,2.8253,-0.76416
0.19274,-0.41843,-0.1789,-1.6701,-0.092598,2.8291,-0.77066
0.19654,-0.42114,-0.18498,-1.6761,-0.088599,2.8329,-0.77719
0.20036,-0.42389,-0.19107,-1.6822,-0.084594,2.8368,-0.78376
0.2042,-0.42668,-0.19719,-1.6884,-0.080581,2.8408,-0.79037
0.20806,-0.42949,-0.20333,-1.6946,-0.07656,2.8447,-0.79702
0.21196,-0.4323,-0.20949,-1.7008,-0.072529,2.8486,-0.80372
0.2159,-0.43508,-0.21569,-1.7069,-0.068487,2.8525,-0.81047
0.21989,-0.43783,-0.22192,-1.7128,-0.064433,2.8563,-0.81728
0.22395,-0.44053,-0.22818,-1.7186,-0.060366,2.86,-0.82414
0.22806,-0.44315,-0.23448,-1.7241,-0.056284,2.8635,-0.83107
0.23241,-0.44577,-0.24106,-1.7295,-0.052038,2.867,-0.83832
0.23683,-0.44831,-0.24767,-1.7347,-0.047782,2.8703,-0.84563
0.24131,-0.45075,-0.25432,-1.7396,-0.043523,2.8735,-0.85299
0.24587,-0.45312,-0.261,-1.7443,-0.039266,2.8765,-0.86039
0.25048,-0.45541,-0.26771,-1.7487,-0.035019,2.8793,-0.86783
0.25515,-0.45764,-0.27444,-1.7529,-0.030788,2.8821,-0.87528
0.25988,-0.45979,-0.28119,-1.757,-0.02658,2.8847,-0.88274
0.26465,-0.46189,-0.28795,-1.7608,-0.022402,2.8871,-0.89021
0.26946,-0.46394,-0.29472,-1.7645,-0.018261,2.8895,-0.89767
0.27431,-0.46594,-0.30149,-1.768,-0.014162,2.8918,-0.90511
0.27919,-0.46789,-0.30826,-1.7714,-0.010113,2.894,-0.91252
0.2841,-0.46981,-0.31503,-1.7746,-0.0061209,2.8961,-0.91989
0.28904,-0.4717,-0.32178,-1.7778,-0.0021917,2.8982,-0.92722
0.29399,-0.47356,-0.32852,-1.7808,0.0016677,2.9002,-0.93448
0.29896,-0.4754,-0.33524,-1.7838,0.0054506,2.9022,-0.94168
0.30393,-0.47722,-0.34193,-1.7868,0.0091503,2.9041,-0.9488
0.30892,-0.47904,-0.3486,-1.7897,0.01276,2.906,-0.95583
0.3139,-0.48085,-0.35523,-1.7925,0.016273,2.9079,-0.96276
0.31887,-0.48266,-0.36183,-1.7954,0.019683,2.9098,-0.96959
0.32384,-0.48448,-0.36838,-1.7983,0.022983,2.9117,-0.97629
0.32868,-0.48626,-0.37473,-1.8011,0.026091,2.9136,-0.98272
0.33351,-0.48806,-0.38105,-1.804,0.029097,2.9154,-0.98904
0.33837,-0.48989,-0.38737,-1.8068,0.032008,2.9173,-0.99528
0.34325,-0.49173,-0.39371,-1.8097,0.034835,2.9192,-1.0015
0.34819,-0.49361,-0.40008,-1.8125,0.037584,2.9211,-1.0076
0.35319,-0.49552,-0.40651,-1.8153,0.040266,2.9229,-1.0137
0.35827,-0.49748,-0.41303,-1.8181,0.042887,2.9248,-1.0199
0.36345,-0.49948,-0.41964,-1.8209,0.045457,2.9266,-1.0261
0.36874,-0.50153,-0.42637,-1.8237,0.047985,2.9284,-1.0323
0.37416,-0.50363,-0.43325,-1.8263,0.050478,2.9302,-1.0386
0.37972,-0.5058,-0.44029,-1.829,0.052946,2.9319,-1.045
0.38544,-0.50803,-0.44751,-1.8316,0.055396,2.9336,-1.0515
0.39133,-0.51033,-0.45494,-1.8341,0.057838,2.9352,-1.0581
0.39741,-0.5127,-0.46259,-1.8365,0.060279,2.9368,-1.0649
0.4037,-0.51516,-0.47048,-1.8389,0.062729,2.9384,-1.0719
0.4102,-0.5177,-0.47864,-1.8411,0.065196,2.9398,-1.0791
0.41695,-0.52032,-0.48709,-1.8433,0.067689,2.9412,-1.0865
0.42394,-0.52305,-0.49585,-1.8453,0.070215,2.9426,-1.0941
0.43121,-0.52587,-0.50494,-1.8473,0.072783,2.9438,-1.102
0.43876,-0.52879,-0.51437,-1.8491,0.075403,2.945,-1.1102
0.44662,-0.53183,-0.5242,-1.8508,0.078088,2.9461,-1.1187
0.4547,-0.53496,-0.5343,-1.8524,0.080813,2.9471,-1.1275
0.46294,-0.53815,-0.5446,-1.8539,0.083559,2.9481,-1.1364
0.47125,-0.54138,-0.55498,-1.8553,0.086307,2.949,-1.1454
0.47956,-0.54462,-0.56536,-1.8566,0.089035,2.9498,-1.1544
0.48779,-0.54785,-0.57564,-1.8579,0.091726,2.9507,-1.1634
0.49586,-0.55105,-0.58574,-1.8592,0.094358,2.9515,-1.1722
0.5037,-0.55419,-0.59555,-1.8605,0.096914,2.9523,-1.1807
0.51124,-0.55725,-0.60498,-1.8617,0.099372,2.9531,-1.189
0.5184,-0.5602,-0.61395,-1.863,0.10171,2.9539,-1.1969
0.5251,-0.56302,-0.62235,-1.8643,0.10392,2.9548,-1.2044
0.53126,-0.5657,-0.63009,-1.8657,0.10597,2.9557,-1.2113
0.53681,-0.56819,-0.63707,-1.8672,0.10784,2.9567,-1.2176
0.54168,-0.57048,-0.64322,-1.8687,0.10952,2.9577,-1.2233
0.54579,-0.57255,-0.64842,-1.8703,0.11099,2.9588,-1.2282
0.54906,-0.57437,-0.65259,-1.8721,0.11222,2.96,-1.2322
0.55141,-0.57592,-0.65563,-1.874,0.11319,2.9613,-1.2354
0.55278,-0.57717,-0.65745,-1.876,0.11389,2.9627,-1.2376
0.55308,-0.57811,-0.65795,-1.8782,0.1143,2.9642,-1.2387
0.55228,-0.5787,-0.6571,-1.8806,0.11441,2.9658,-1.2387
0.55046,-0.57897,-0.65498,-1.8831,0.11423,2.9676,-1.2377
0.54767,-0.57897,-0.65167,-1.8858,0.11378,2.9694,-1.2357
0.544,-0.57869,-0.64727,-1.8886,0.11309,2.9714,-1.2329
0.53951,-0.57817,-0.64187,-1.8916,0.11217,2.9735,-1.2292
0.53429,-0.57744,-0.63555,-1.8946,0.11104,2.9756,-1.2248
0.5284,-0.5765,-0.62841,-1.8978,0.10972,2.9778,-1.2197
0.52191,-0.5754,-0.62054,-1.901,0.10822,2.98,-1.2141
0.5149,-0.57414,-0.61203,-1.9042,0.10658,2.9823,-1.2079
0.50745,-0.57275,-0.60296,-1.9075,0.1048,2.9846,-1.2012
0.49962,-0.57125,-0.59344,-1.9109,0.1029,2.987,-1.1942
0.49149,-0.56967,-0.58354,-1.9142,0.10091,2.9893,-1.1868
0.48313,-0.56803,-0.57336,-1.9175,0.098833,2.9917,-1.1792
0.47461,-0.56635,-0.56299,-1.9208,0.0967,2.994,-1.1715
0.46601,-0.56466,-0.55252,-1.9241,0.094527,2.9963,-1.1636
0.4574,-0.56297,-0.54204,-1.9273,0.092331,2.9986,-1.1557
0.44885,-0.56131,-0.53164,-1.9305,0.090132,3.0008,-1.1479
0.44044,-0.5597,-0.5214,-1.9336,0.087947,3.003,-1.1402
0.43224,-0.55817,-0.51143,-1.9365,0.085796,3.0051,-1.1326
0.4243,-0.55673,-0.50179,-1.9394,0.083693,3.0071,-1.1253
0.41663,-0.55538,-0.49247,-1.9422,0.08164,3.0091,-1.1183
0.4092,-0.55412,-0.48346,-1.9448,0.079633,3.011,-1.1115
0.402,-0.55294,-0.47474,-1.9474,0.077669,3.0128,-1.1049
0.395,-0.55183,-0.46627,-1.9498,0.075745,3.0146,-1.0984
0.3882,-0.5508,-0.45804,-1.9522,0.073859,3.0162,-1.0922
0.38156,-0.54983,-0.45002,-1.9544,0.072007,3.0179,-1.0861
0.37508,-0.54892,-0.4422,-1.9566,0.070186,3.0194,-1.0802
0.36873,-0.54807,-0.43455,-1.9587,0.068394,3.0209,-1.0744
0.36249,-0.54726,-0.42704,-1.9607,0.066626,3.0224,-1.0687
0.35636,-0.5465,-0.41966,-1.9627,0.064881,3.0238,-1.0631
0.35029,-0.54578,-0.41237,-1.9646,0.063154,3.0252,-1.0576
0.34429,-0.54508,-0.40517,-1.9664,0.061444,3.0265,-1.0522
0.33833,-0.54442,-0.39802,-1.9682,0.059747,3.0278,-1.0468
0.33239,-0.54378,-0.3909,-1.9699,0.058059,3.029,-1.0415
0.32645,-0.54316,-0.3838,-1.9716,0.056379,3.0303,-1.0362
0.3205,-0.54254,-0.37668,-1.9732,0.054702,3.0314,-1.0308
0.31451,-0.54194,-0.36952,-1.9748,0.053027,3.0326,-1.0255
0.30848,-0.54133,-0.36231,-1.9763,0.051349,3.0337,-1.0201
0.30236,-0.54072,-0.35502,-1.9779,0.049666,3.0348,-1.0147
0.29615,-0.5401,-0.3476,-1.9794,0.047969,3.0359,-1.0092
0.28984,-0.53947,-0.34009,-1.9808,0.046263,3.037,-1.0036
0.28346,-0.53883,-0.33248,-1.9823,0.044547,3.038,-0.99801
0.277,-0.53819,-0.32479,-1.9837,0.042821,3.0391,-0.99234
0.27047,-0.53754,-0.31702,-1.9851,0.041084,3.0401,-0.98662
0.26388,-0.5369,-0.30918,-1.9864,0.039335,3.0411,-0.98085
0.25724,-0.53625,-0.30127,-1.9877,0.037573,3.042,-0.97504
0.25054,-0.5356,-0.2933,-1.989,0.035798,3.043,-0.96918
0.2438,-0.53496,-0.28529,-1.9903,0.034009,3.0439,-0.96328
0.23701,-0.53432,-0.27722,-1.9915,0.032205,3.0448,-0.95735
0.23019,-0.53368,-0.26912,-1.9927,0.030386,3.0456,-0.95138
0.22334,-0.53305,-0.26098,-1.9938,0.028551,3.0465,-0.94538
0.21647,-0.53244,-0.25282,-1.9949,0.026698,3.0473,-0.93936
0.20958,-0.53183,-0.24463,-1.996,0.024828,3.0481,-0.93331
0.20268,-0.53124,-0.23644,-1.997,0.02294,3.0488,-0.92724
0.19577,-0.53066,-0.22823,-1.998,0.021033,3.0495,-0.92114
0.18885,-0.5301,-0.22003,-1.999,0.019106,3.0503,-0.91504
0.18195,-0.52955,-0.21183,-1.9999,0.017159,3.0509,-0.90892
0.17505,-0.52902,-0.20364,-2.0008,0.01519,3.0516,-0.90279
0.16816,-0.52852,-0.19547,-2.0017,0.0132,3.0522,-0.89665
0.1613,-0.52803,-0.18733,-2.0025,0.011187,3.0528,-0.89051
0.15423,-0.52756,-0.17894,-2.0032,0.0090815,3.0533,-0.88416
0.14719,-0.5271,-0.17059,-2.004,0.0069537,3.0539,-0.87781
0.14017,-0.52668,-0.16227,-2.0047,0.0048054,3.0544,-0.87146
0.13318,-0.52628,-0.15397,-2.0053,0.0026389,3.0549,-0.86511
0.1262,-0.5259,-0.1457,-2.0059,0.00045634,3.0553,-0.85877
0.11925,-0.52554,-0.13745,-2.0065,-0.00174,3.0557,-0.85242
0.11231,-0.52521,-0.12922,-2.007,-0.0039478,3.0561,-0.84609
0.10539,-0.5249,-0.12101,-2.0075,-0.006165,3.0565,-0.83975
0.098475,-0.52461,-0.11282,-2.008,-0.0083893,3.0568,-0.83342
0.091578,-0.52434,-0.10464,-2.0084,-0.010618,3.0571,-0.8271
0.084689,-0.5241,-0.096478,-2.0087,-0.01285,3.0574,-0.82078
0.077809,-0.52387,-0.088324,-2.0091,-0.015082,3.0576,-0.81448
0.070935,-0.52367,-0.080179,-2.0094,-0.017313,3.0578,-0.80818
0.064066,-0.52348,-0.07204,-2.0096,-0.019539,3.058,-0.80189
0.057198,-0.52331,-0.063906,-2.0098,-0.021759,3.0582,-0.79561
0.050332,-0.52316,-0.055774,-2.01,-0.02397,3.0583,-0.78935
0.043464,-0.52303,-0.047641,-2.0102,-0.026171,3.0584,-0.78309
0.036594,-0.52292,-0.039507,-2.0103,-0.028359,3.0585,-0.77685
0.029718,-0.52282,-0.031368,-2.0104,-0.030532,3.0585,-0.77063
0.022836,-0.52274,-0.023223,-2.0104,-0.032687,3.0586,-0.76441
0.015945,-0.52268,-0.01507,-2.0104,-0.034822,3.0586,-0.75822
0.009042,-0.52263,-0.0069034,-2.0104,-0.036937,3.0586,-0.75204
0.0021285,-0.5226,0.0012741,-2.0104,-0.039032,3.0585,-0.74587
-0.0047953,-0.52258,0.009463,-2.0103,-0.041108,3.0585,-0.73972
-0.011729,-0.52258,0.017664,-2.0102,-0.043166,3.0584,-0.73357
-0.018674,-0.5226,0.025876,-2.01,-0.045209,3.0582,-0.72744
-0.025628,-0.52264,0.034102,-2.0099,-0.047237,3.0581,-0.72131
-0.032593,-0.52269,0.04234,-2.0096,-0.049252,3.0579,-0.71519
-0.039569,-0.52275,0.050591,-2.0094,-0.051257,3.0577,-0.70908
-0.046554,-0.52284,0.058856,-2.0091,-0.053251,3.0575,-0.70296
-0.05355,-0.52294,0.067136,-2.0087,-0.055237,3.0572,-0.69685
-0.060556,-0.52306,0.075429,-2.0083,-0.057217,3.0569,-0.69074
-0.067572,-0.5232,0.083738,-2.0079,-0.059191,3.0566,-0.68462
-0.074599,-0.52335,0.092062,-2.0074,-0.061162,3.0562,-0.6785
-0.081636,-0.52352,0.1004,-2.0069,-0.06313,3.0559,-0.67237
-0.088683,-0.52371,0.10876,-2.0063,-0.065098,3.0554,-0.66623
-0.09574,-0.52392,0.11713,-2.0057,-0.067066,3.055,-0.66008
-0.10281,-0.52415,0.12552,-2.005,-0.069037,3.0545,-0.65392
-0.10988,-0.5244,0.13392,-2.0043,-0.071012,3.0539,-0.64775
-0.11697,-0.52466,0.14235,-2.0035,-0.072992,3.0533,-0.64156
-0.12407,-0.52495,0.15079,-2.0027,-0.07498,3.0527,-0.63535
-0.13118,-0.52525,0.15925,-2.0018,-0.076975,3.0521,-0.62913
-0.13808,-0.52556,0.16746,-2.0009,-0.078918,3.0514,-0.62308
-0.14498,-0.52589,0.17569,-2,-0.080868,3.0507,-0.61701
-0.15188,-0.52624,0.18393,-1.999,-0.082824,3.05,-0.61093
-0.15878,-0.52661,0.19216,-1.9979,-0.084784,3.0492,-0.60485
-0.16567,-0.52699,0.2004,-1.9969,-0.086747,3.0484,-0.59876
-0.17256,-0.52738,0.20862,-1.9957,-0.08871,3.0476,-0.59267
-0.17942,-0.5278,0.21683,-1.9946,-0.090671,3.0467,-0.58659
-0.18627,-0.52822,0.22503,-1.9934,-0.09263,3.0458,-0.58052
-0.19309,-0.52866,0.2332,-1.9922,-0.094584,3.0449,-0.57446
-0.19989,-0.52912,0.24134,-1.991,-0.096531,3.044,-0.56842
-0.20665,-0.52958,0.24945,-1.9897,-0.09847,3.0431,-0.5624
-0.21338,-0.53006,0.25751,-1.9884,-0.1004,3.0422,-0.55641
-0.22006,-0.53055,0.26554,-1.9872,-0.10232,3.0412,-0.55044
-0.2267,-0.53106,0.27351,-1.9859,-0.10422,3.0402,-0.54452
-0.2333,-0.53157,0.28143,-1.9845,-0.10611,3.0393,-0.53863
-0.23984,-0.5321,0.28929,-1.9832,-0.10798,3.0383,-0.53278
-0.24632,-0.53263,0.29709,-1.9819,-0.10983,3.0373,-0.52698
-0.25274,-0.53318,0.30481,-1.9806,-0.11166,3.0363,-0.52123
-0.2591,-0.53373,0.31246,-1.9793,-0.11347,3.0353,-0.51554
-0.26538,-0.53429,0.32003,-1.978,-0.11526,3.0344,-0.5099
-0.2716,-0.53486,0.32751,-1.9767,-0.11701,3.0334,-0.50433
-0.27772,-0.53544,0.3349,-1.9754,-0.11874,3.0324,-0.49883
-0.28379,-0.53603,0.34221,-1.9741,-0.12045,3.0315,-0.49339
-0.28982,-0.53662,0.34948,-1.9728,-0.12214,3.0305,-0.48799
-0.29581,-0.53723,0.35672,-1.9714,-0.12381,3.0295,-0.48261
-0.3018,-0.53785,0.36396,-1.9701,-0.12547,3.0285,-0.47724
-0.3078,-0.53848,0.37122,-1.9686,-0.12712,3.0274,-0.47187
-0.31383,-0.53912,0.37851,-1.9671,-0.12877,3.0263,-0.46648
-0.31989,-0.53978,0.38586,-1.9655,-0.13042,3.0251,-0.46106
-0.32602,-0.54045,0.3933,-1.9639,-0.13207,3.0239,-0.45559
-0.33222,-0.54114,0.40084,-1.9621,-0.13374,3.0226,-0.45006
-0.33852,-0.54185,0.4085,-1.9601,-0.13542,3.0212,-0.44446
-0.34493,-0.54258,0.4163,-1.9581,-0.13711,3.0197,-0.43877
-0.35147,-0.54333,0.42428,-1.9558,-0.13883,3.018,-0.43298
-0.35816,-0.5441,0.43244,-1.9535,-0.14057,3.0163,-0.42708
-0.36501,-0.54489,0.44082,-1.9509,-0.14234,3.0145,-0.42104
-0.37204,-0.5457,0.44942,-1.9481,-0.14415,3.0125,-0.41486
-0.37927,-0.54654,0.45828,-1.9452,-0.14599,3.0103,-0.40852
-0.38671,-0.5474,0.46741,-1.942,-0.14787,3.008,-0.402
-0.39439,-0.54829,0.47684,-1.9386,-0.1498,3.0056,-0.3953
-0.40232,-0.54921,0.48659,-1.9349,-0.15178,3.003,-0.3884
-0.41052,-0.55015,0.49668,-1.931,-0.15382,3.0001,-0.38128
-0.41892,-0.55112,0.50703,-1.9268,-0.1559,2.9972,-0.37399
-0.42745,-0.55211,0.51755,-1.9225,-0.15799,2.9941,-0.36661
-0.43603,-0.55311,0.52814,-1.9181,-0.16009,2.991,-0.35919
-0.4446,-0.55411,0.53871,-1.9136,-0.16218,2.9878,-0.35179
-0.45308,-0.55511,0.54919,-1.9092,-0.16424,2.9847,-0.34447
-0.46141,-0.5561,0.55948,-1.9048,-0.16626,2.9815,-0.33728
-0.46951,-0.55709,0.56949,-1.9005,-0.16822,2.9785,-0.33029
-0.47732,-0.55805,0.57914,-1.8964,-0.17009,2.9756,-0.32356
-0.48475,-0.559,0.58833,-1.8925,-0.17187,2.9728,-0.31714
-0.49175,-0.55991,0.59698,-1.8889,-0.17355,2.9702,-0.31109
-0.49824,-0.56079,0.605,-1.8856,-0.17509,2.9679,-0.30547
-0.50415,-0.56163,0.6123,-1.8827,-0.17649,2.9658,-0.30035
-0.50941,-0.56242,0.61879,-1.8802,-0.17773,2.9641,-0.29578
-0.51395,-0.56316,0.62439,-1.8782,-0.17879,2.9627,-0.29181
-0.51769,-0.56384,0.62901,-1.8768,-0.17966,2.9616,-0.28851
-0.52057,-0.56446,0.63255,-1.8759,-0.18032,2.961,-0.28595
-0.52252,-0.56501,0.63494,-1.8757,-0.18075,2.9609,-0.28416
-0.52347,-0.56549,0.63607,-1.8762,-0.18093,2.9613,-0.28322
-0.52336,-0.56588,0.6359,-1.8774,-0.18087,2.9621,-0.28317
-0.52226,-0.5662,0.63449,-1.8794,-0.18056,2.9635,-0.28396
-0.52021,-0.56645,0.63191,-1.882,-0.18003,2.9653,-0.28553
-0.5173,-0.56662,0.62825,-1.8852,-0.17929,2.9676,-0.28784
-0.51359,-0.56674,0.62359,-1.8889,-0.17836,2.9703,-0.29081
-0.50913,-0.5668,0.61802,-1.8932,-0.17726,2.9733,-0.29441
-0.50401,-0.5668,0.61162,-1.8979,-0.17601,2.9766,-0.29857
-0.49828,-0.56676,0.60446,-1.9029,-0.17462,2.9802,-0.30324
-0.49202,-0.56667,0.59664,-1.9084,-0.17311,2.9841,-0.30835
-0.48528,-0.56654,0.58823,-1.9141,-0.1715,2.9881,-0.31386
-0.47813,-0.56637,0.57932,-1.9201,-0.16981,2.9924,-0.31971
-0.47065,-0.56617,0.57,-1.9263,-0.16804,2.9968,-0.32584
-0.4629,-0.56594,0.56033,-1.9326,-0.16623,3.0013,-0.33219
-0.45494,-0.56568,0.55041,-1.939,-0.16438,3.0059,-0.33872
-0.44683,-0.56541,0.54033,-1.9454,-0.16252,3.0105,-0.34535
-0.43866,-0.56512,0.53015,-1.9519,-0.16066,3.0151,-0.35205
-0.43047,-0.56483,0.51997,-1.9582,-0.15882,3.0196,-0.35874
-0.42235,-0.56452,0.50986,-1.9645,-0.15702,3.0241,-0.36539
-0.41435,-0.56422,0.49991,-1.9706,-0.15527,3.0285,-0.37192
-0.40654,-0.56391,0.49021,-1.9765,-0.1536,3.0328,-0.37828
-0.39882,-0.56361,0.48062,-1.9822,-0.15197,3.0369,-0.38456
-0.39135,-0.56331,0.47135,-1.9877,-0.15043,3.0409,-0.39062
-0.38412,-0.56302,0.46237,-1.993,-0.14897,3.0447,-0.39648
-0.37709,-0.56274,0.45367,-1.998,-0.14759,3.0484,-0.40216
-0.37027,-0.56246,0.44521,-2.0027,-0.14627,3.0519,-0.40767
-0.36362,-0.56219,0.43698,-2.0073,-0.14501,3.0553,-0.41304
-0.35713,-0.56192,0.42896,-2.0117,-0.1438,3.0586,-0.41826
-0.35079,-0.56165,0.42112,-2.0159,-0.14263,3.0617,-0.42337
-0.34457,-0.56139,0.41345,-2.02,-0.14151,3.0647,-0.42838
-0.33846,-0.56114,0.40591,-2.0239,-0.14041,3.0676,-0.43331
-0.33243,-0.56088,0.39848,-2.0277,-0.13935,3.0705,-0.43816
-0.32647,-0.56063,0.39115,-2.0313,-0.1383,3.0732,-0.44297
-0.32057,-0.56038,0.3839,-2.0348,-0.13726,3.0759,-0.44774
-0.3147,-0.56014,0.37669,-2.0383,-0.13623,3.0785,-0.45249
-0.30885,-0.55989,0.36951,-2.0417,-0.13519,3.0811,-0.45724
-0.303,-0.55965,0.36234,-2.045,-0.13415,3.0837,-0.462
-0.29712,-0.55941,0.35515,-2.0482,-0.13309,3.0862,-0.46679
-0.29121,-0.55916,0.34792,-2.0514,-0.13201,3.0886,-0.47163
-0.28525,-0.55892,0.34063,-2.0546,-0.1309,3.0911,-0.47653
-0.27921,-0.55868,0.33325,-2.0578,-0.12976,3.0936,-0.48151
-0.27305,-0.55844,0.32575,-2.061,-0.12857,3.096,-0.4866
-0.26681,-0.55819,0.31814,-2.0643,-0.12735,3.0985,-0.49178
-0.26048,-0.55795,0.31043,-2.0675,-0.12611,3.101,-0.49702
-0.25407,-0.55771,0.30263,-2.0707,-0.12486,3.1035,-0.50233
-0.24758,-0.55747,0.29473,-2.0739,-0.12361,3.106,-0.50768
-0.24101,-0.55723,0.28675,-2.0771,-0.12238,3.1084,-0.51306
-0.23437,-0.557,0.27868,-2.0802,-0.12117,3.1109,-0.51846
-0.22766,-0.55678,0.27053,-2.0834,-0.12,3.1134,-0.52387
-0.22088,-0.55656,0.26231,-2.0865,-0.11887,3.1158,-0.52927
-0.21404,-0.55634,0.254,-2.0896,-0.1178,3.1182,-0.53465
-0.20714,-0.55614,0.24563,-2.0927,-0.11681,3.1206,-0.54
-0.20018,-0.55594,0.23719,-2.0958,-0.11589,3.123,-0.5453
-0.19317,-0.55575,0.22869,-2.0988,-0.11506,3.1254,-0.55055
-0.1861,-0.55557,0.22013,-2.1018,-0.11434,3.1277,-0.55573
-0.17899,-0.5554,0.21151,-2.1047,-0.11373,3.13,-0.56082
-0.17184,-0.55524,0.20284,-2.1076,-0.11325,3.1323,-0.56582
-0.16464,-0.5551,0.19412,-2.1104,-0.1129,3.1345,-0.5707
-0.1574,-0.55496,0.18536,-2.1132,-0.1127,3.1367,-0.57547
-0.15013,-0.55485,0.17656,-2.1159,-0.11266,3.1389,-0.5801
-0.14283,-0.55474,0.16771,-2.1186,-0.11279,3.141,-0.58458
-0.1355,-0.55465,0.15884,-2.1212,-0.1131,3.143,-0.5889
-0.12833,-0.55458,0.15015,-2.1237,-0.11358,3.145,-0.59295
-0.12114,-0.55453,0.14144,-2.1261,-0.11423,3.147,-0.59685
-0.11393,-0.55449,0.13271,-2.1285,-0.11504,3.1488,-0.60061
-0.1067,-0.55447,0.12395,-2.1308,-0.11598,3.1507,-0.60426
-0.099458,-0.55447,0.11518,-2.133,-0.11703,3.1525,-0.60779
-0.0922,-0.55448,0.10639,-2.1352,-0.11819,3.1543,-0.61123
-0.084932,-0.55452,0.097589,-2.1374,-0.11944,3.156,-0.6146
-0.077653,-0.55457,0.088775,-2.1395,-0.12077,3.1577,-0.6179
-0.070368,-0.55464,0.079952,-2.1415,-0.12215,3.1594,-0.62115
-0.063078,-0.55473,0.071125,-2.1435,-0.12356,3.161,-0.62437
-0.055785,-0.55484,0.062294,-2.1455,-0.12501,3.1626,-0.62757
-0.048492,-0.55498,0.053463,-2.1474,-0.12646,3.1642,-0.63076
-0.041199,-0.55513,0.044634,-2.1493,-0.12791,3.1657,-0.63397
-0.033911,-0.55531,0.03581,-2.1511,-0.12933,3.1672,-0.63719
-0.026628,-0.55551,0.026994,-2.1529,-0.13072,3.1687,-0.64046
-0.019353,-0.55573,0.018187,-2.1547,-0.13205,3.1701,-0.64378
-0.012087,-0.55598,0.0093936,-2.1564,-0.13331,3.1716,-0.64716
-0.0048339,-0.55625,0.00061544,-2.1581,-0.13449,3.173,-0.65063
0.0024053,-0.55655,-0.0081448,-2.1598,-0.13556,3.1744,-0.6542
0.0096283,-0.55687,-0.016884,-2.1615,-0.13652,3.1757,-0.65787
0.016833,-0.55722,-0.025601,-2.1631,-0.13734,3.1771,-0.66167
0.024017,-0.55759,-0.034291,-2.1647,-0.13801,3.1784,-0.66562
0.031178,-0.55799,-0.042953,-2.1663,-0.13852,3.1797,-0.66971
0.038683,-0.55844,-0.052029,-2.1679,-0.13887,3.1811,-0.6742
0.046164,-0.55892,-0.061076,-2.1695,-0.13905,3.1824,-0.67884
0.053627,-0.55943,-0.070099,-2.1711,-0.13908,3.1838,-0.68363
0.061073,-0.55997,-0.079103,-2.1727,-0.13899,3.1851,-0.68853
0.068509,-0.56054,-0.088094,-2.1742,-0.13881,3.1864,-0.69352
0.075937,-0.56113,-0.097077,-2.1757,-0.13857,3.1876,-0.69858
0.083362,-0.56176,-0.10606,-2.1772,-0.13829,3.1889,-0.70368
0.090789,-0.56242,-0.11504,-2.1787,-0.138,3.1901,-0.7088
0.098219,-0.56311,-0.12403,-2.1801,-0.13773,3.1913,-0.71392
0.10566,-0.56383,-0.13303,-2.1815,-0.13751,3.1924,-0.71901
0.11311,-0.56457,-0.14205,-2.1828,-0.13736,3.1935,-0.72405
0.12059,-0.56535,-0.15111,-2.1841,-0.1373,3.1946,-0.72902
0.12808,-0.56616,-0.16018,-2.1853,-0.13733,3.1957,-0.73393
0.13558,-0.567,-0.16927,-2.1866,-0.13743,3.1967,-0.73878
0.1431,-0.56786,-0.17838,-2.1877,-0.1376,3.1977,-0.74359
0.15062,-0.56876,-0.18749,-2.1889,-0.13781,3.1987,-0.74837
0.15814,-0.56969,-0.19661,-2.19,-0.13806,3.1996,-0.75313
0.16567,-0.57066,-0.20574,-2.1911,-0.13834,3.2005,-0.75788
0.17319,-0.57165,-0.21487,-2.1921,-0.13862,3.2014,-0.76264
0.18072,-0.57267,-0.22399,-2.1931,-0.1389,3.2022,-0.76741
0.18824,-0.57373,-0.23311,-2.194,-0.13917,3.2031,-0.77221
0.19575,-0.57483,-0.24223,-2.195,-0.13941,3.2039,-0.77704
0.20316,-0.57594,-0.25122,-2.1959,-0.13962,3.2046,-0.78186
0.21057,-0.57708,-0.2602,-2.1967,-0.1398,3.2053,-0.78671
0.21797,-0.57826,-0.26918,-2.1975,-0.13997,3.206,-0.79159
0.22536,-0.57947,-0.27816,-2.1983,-0.14015,3.2067,-0.79647
0.23276,-0.58072,-0.28714,-2.1991,-0.14036,3.2074,-0.80135
0.24015,-0.58201,-0.29613,-2.1998,-0.14061,3.208,-0.80621
0.24755,-0.58333,-0.30514,-2.2005,-0.14092,3.2086,-0.81103
0.25495,-0.58469,-0.31415,-2.2011,-0.1413,3.2091,-0.81581
0.26235,-0.58609,-0.32319,-2.2018,-0.14178,3.2097,-0.82053
0.26977,-0.58753,-0.33224,-2.2023,-0.14235,3.2102,-0.82518
0.27719,-0.58901,-0.34133,-2.2029,-0.14306,3.2106,-0.82974
0.28518,-0.59064,-0.35111,-2.2034,-0.14395,3.2111,-0.83453
0.29318,-0.59233,-0.36093,-2.2039,-0.14499,3.2115,-0.83923
0.30118,-0.59405,-0.37076,-2.2044,-0.14613,3.2119,-0.84386
0.30919,-0.59583,-0.3806,-2.2048,-0.14734,3.2123,-0.84845
0.31718,-0.59765,-0.39045,-2.2051,-0.14861,3.2126,-0.85301
0.32517,-0.59951,-0.40028,-2.2054,-0.1499,3.2129,-0.85757
0.33315,-0.60141,-0.41011,-2.2057,-0.15119,3.2132,-0.86216
0.3411,-0.60336,-0.41992,-2.2059,-0.15245,3.2134,-0.86679
0.34904,-0.60535,-0.42969,-2.2061,-0.15366,3.2135,-0.87149
0.35694,-0.60738,-0.43943,-2.2063,-0.15478,3.2137,-0.87628
0.36452,-0.60938,-0.44877,-2.2064,-0.15576,3.2138,-0.88099
0.37207,-0.61142,-0.45807,-2.2064,-0.15666,3.2138,-0.88581
0.37961,-0.61349,-0.46734,-2.2064,-0.15748,3.2138,-0.8907
0.38712,-0.61562,-0.4766,-2.2064,-0.15825,3.2138,-0.89568
0.39461,-0.61779,-0.48583,-2.2063,-0.15898,3.2138,-0.90071
0.4021,-0.62002,-0.49506,-2.2063,-0.15969,3.2137,-0.90581
0.40958,-0.6223,-0.50429,-2.2061,-0.16039,3.2136,-0.91094
0.41705,-0.62464,-0.51353,-2.206,-0.16109,3.2135,-0.91611
0.42452,-0.62704,-0.52278,-2.2058,-0.16183,3.2133,-0.92131
0.432,-0.6295,-0.53205,-2.2055,-0.1626,3.2131,-0.92652
0.43996,-0.63219,-0.54192,-2.2053,-0.16348,3.2129,-0.93206
0.44791,-0.63494,-0.55181,-2.205,-0.16442,3.2127,-0.9376
0.45584,-0.63774,-0.56168,-2.2046,-0.1654,3.2123,-0.94313
0.46375,-0.6406,-0.57153,-2.2041,-0.16642,3.212,-0.94864
0.47161,-0.64348,-0.58132,-2.2036,-0.16747,3.2115,-0.95413
0.47943,-0.6464,-0.59104,-2.203,-0.16855,3.211,-0.95958
0.48718,-0.64932,-0.60067,-2.2023,-0.16963,3.2104,-0.96499
0.49485,-0.65226,-0.61019,-2.2015,-0.17072,3.2097,-0.97035
0.50243,-0.65518,-0.61958,-2.2005,-0.1718,3.2089,-0.97566
0.50956,-0.65796,-0.62839,-2.1995,-0.17282,3.2081,-0.98065
0.51663,-0.66077,-0.63712,-2.1984,-0.17385,3.2071,-0.98564
0.52369,-0.66363,-0.64584,-2.1972,-0.17489,3.2062,-0.99064
0.53077,-0.66659,-0.65461,-2.1961,-0.17597,3.2052,-0.99571
0.53791,-0.66967,-0.66349,-2.1949,-0.17709,3.2042,-1.0009
0.54514,-0.67293,-0.67254,-2.1938,-0.17828,3.2033,-1.0062
0.55251,-0.67638,-0.68184,-2.1928,-0.17955,3.2024,-1.0117
0.56006,-0.68007,-0.69143,-2.1919,-0.1809,3.2017,-1.0174
0.56781,-0.68404,-0.70138,-2.1912,-0.18237,3.2011,-1.0234
0.57634,-0.68859,-0.71243,-2.1906,-0.18406,3.2006,-1.0301
0.58497,-0.69332,-0.72365,-2.1901,-0.18582,3.2001,-1.0369
0.5935,-0.69805,-0.73473,-2.1894,-0.18758,3.1996,-1.0437
0.60174,-0.70261,-0.74536,-2.1884,-0.18926,3.1987,-1.0502
0.60951,-0.70682,-0.75522,-2.1869,-0.19081,3.1975,-1.0563
0.61661,-0.71051,-0.76399,-2.1848,-0.19213,3.1956,-1.0617
0.62286,-0.71349,-0.77137,-2.1817,-0.19318,3.1931,-1.0663
0.62807,-0.7156,-0.77704,-2.1776,-0.19387,3.1896,-1.0698
0.63167,-0.71662,-0.78043,-2.173,-0.19414,3.1858,-1.0719
0.63442,-0.71689,-0.78241,-2.1674,-0.1941,3.1812,-1.0731
0.6364,-0.71646,-0.78311,-2.161,-0.19377,3.1759,-1.0735
0.63772,-0.71539,-0.78269,-2.1538,-0.19316,3.1699,-1.0733
0.63848,-0.71375,-0.7813,-2.1459,-0.19231,3.1634,-1.0725
0.63877,-0.7116,-0.77909,-2.1373,-0.19123,3.1563,-1.0711
0.6387,-0.70899,-0.77621,-2.128,-0.18993,3.1488,-1.0694
0.63835,-0.706,-0.77281,-2.1181,-0.18845,3.1408,-1.0673
0.63784,-0.70267,-0.76904,-2.1077,-0.1868,3.1324,-1.065
0.63726,-0.69907,-0.76506,-2.0968,-0.18499,3.1238,-1.0627
0.63671,-0.69526,-0.761,-2.0855,-0.18306,3.1148,-1.0603
0.63628,-0.69131,-0.75702,-2.0738,-0.18101,3.1056,-1.0579
0.63608,-0.68726,-0.75327,-2.0618,-0.17888,3.0963,-1.0558
0.63621,-0.68319,-0.74991,-2.0495,-0.17668,3.0869,-1.0539
0.63676,-0.67915,-0.74707,-2.037,-0.17442,3.0773,-1.0523
0.63784,-0.67508,-0.74482,-2.024,-0.17207,3.0676,-1.0512
0.63939,-0.67112,-0.7432,-2.0109,-0.16971,3.0578,-1.0505
0.64131,-0.66726,-0.74212,-1.9978,-0.16736,3.0482,-1.0501
0.64352,-0.66352,-0.74148,-1.9849,-0.16504,3.0388,-1.05
0.64592,-0.65989,-0.7412,-1.9722,-0.16276,3.0296,-1.0501
0.64843,-0.65637,-0.74117,-1.9598,-0.16055,3.0207,-1.0504
0.65095,-0.65298,-0.74132,-1.9479,-0.15843,3.0122,-1.0507
0.65341,-0.64972,-0.74155,-1.9366,-0.15641,3.0042,-1.0511
0.6557,-0.64658,-0.74176,-1.9258,-0.15452,2.9966,-1.0514
0.65774,-0.64357,-0.74186,-1.9159,-0.15278,2.9896,-1.0516
0.65944,-0.64071,-0.74177,-1.9067,-0.1512,2.9832,-1.0516
0.66071,-0.63798,-0.74139,-1.8986,-0.14981,2.9775,-1.0514
0.66146,-0.63539,-0.74062,-1.8914,-0.14862,2.9726,-1.0509
0.66161,-0.63296,-0.73939,-1.8855,-0.14766,2.9685,-1.0499
0.66105,-0.63067,-0.73758,-1.8807,-0.14694,2.9652,-1.0486
0.65971,-0.62854,-0.73513,-1.8774,-0.14649,2.9629,-1.0467
0.65763,-0.62665,-0.7321,-1.8755,-0.14631,2.9617,-1.0444
0.6548,-0.62489,-0.72843,-1.8749,-0.14639,2.9613,-1.0416
0.65127,-0.62326,-0.72416,-1.8754,-0.14669,2.9616,-1.0383
0.64709,-0.62175,-0.71933,-1.877,-0.14721,2.9628,-1.0346
0.6423,-0.62034,-0.71398,-1.8795,-0.14793,2.9646,-1.0304
0.63697,-0.61904,-0.70817,-1.883,-0.14883,2.967,-1.026
0.63114,-0.61783,-0.70192,-1.8873,-0.14991,2.97,-1.0211
0.62486,-0.61669,-0.69529,-1.8922,-0.15114,2.9734,-1.016
0.61818,-0.61563,-0.68831,-1.8979,-0.15252,2.9774,-1.0106
0.61115,-0.61464,-0.68102,-1.904,-0.15402,2.9816,-1.0049
0.60383,-0.61369,-0.67348,-1.9106,-0.15564,2.9862,-0.999
0.59626,-0.61279,-0.66571,-1.9176,-0.15736,2.9911,-0.99293
0.58849,-0.61193,-0.65777,-1.9248,-0.15916,2.9962,-0.98671
0.58057,-0.6111,-0.64969,-1.9323,-0.16102,3.0014,-0.98037
0.57256,-0.61028,-0.64153,-1.9398,-0.16294,3.0066,-0.97394
0.5645,-0.60947,-0.63331,-1.9473,-0.16491,3.0119,-0.96745
0.55645,-0.60866,-0.62509,-1.9548,-0.16689,3.0171,-0.96093
0.54845,-0.60784,-0.6169,-1.9621,-0.16889,3.0223,-0.95441
0.54055,-0.607,-0.60879,-1.9691,-0.17088,3.0272,-0.94793
0.53281,-0.60614,-0.60079,-1.9758,-0.17285,3.032,-0.94152
0.52525,-0.60524,-0.59293,-1.9821,-0.1748,3.0364,-0.93518
0.51788,-0.6043,-0.58523,-1.988,-0.17671,3.0406,-0.92893
0.51068,-0.60333,-0.57765,-1.9935,-0.17858,3.0446,-0.92278
0.50365,-0.60234,-0.57021,-1.9987,-0.18042,3.0483,-0.91671
0.49676,-0.60132,-0.56287,-2.0035,-0.18223,3.0518,-0.91071
0.49001,-0.60027,-0.55564,-2.008,-0.184,3.0551,-0.9048
0.48337,-0.59921,-0.54849,-2.0122,-0.18573,3.0582,-0.89895
0.47683,-0.59813,-0.54141,-2.0162,-0.18743,3.0611,-0.89317
0.47038,-0.59704,-0.5344,-2.0199,-0.18909,3.0638,-0.88745
0.464,-0.59593,-0.52743,-2.0234,-0.19071,3.0665,-0.88179
0.45768,-0.59481,-0.52051,-2.0268,-0.1923,3.069,-0.87618
0.45139,-0.59369,-0.5136,-2.0299,-0.19385,3.0714,-0.87062
0.44514,-0.59257,-0.50671,-2.0329,-0.19536,3.0737,-0.8651
0.43889,-0.59144,-0.49981,-2.0358,-0.19683,3.0759,-0.85962
0.43264,-0.59032,-0.4929,-2.0387,-0.19826,3.0781,-0.85417
0.42637,-0.5892,-0.48596,-2.0414,-0.19966,3.0802,-0.84876
0.42007,-0.58809,-0.47899,-2.0441,-0.20101,3.0823,-0.84337
0.41371,-0.587,-0.47195,-2.0468,-0.20233,3.0844,-0.83799
0.40729,-0.58591,-0.46486,-2.0495,-0.2036,3.0865,-0.83264
0.4008,-0.58484,-0.45769,-2.0523,-0.20484,3.0886,-0.82729
0.3942,-0.58379,-0.45042,-2.0551,-0.20604,3.0908,-0.82196
0.38677,-0.58266,-0.44225,-2.0582,-0.20732,3.0933,-0.81604
0.37922,-0.58155,-0.43397,-2.0615,-0.20856,3.0958,-0.81012
0.37156,-0.58046,-0.42559,-2.0648,-0.20977,3.0984,-0.8042
0.36382,-0.5794,-0.41712,-2.0682,-0.21097,3.101,-0.79827
0.35602,-0.57837,-0.4086,-2.0716,-0.21216,3.1036,-0.79232
0.34816,-0.57735,-0.40002,-2.075,-0.21335,3.1063,-0.78636
0.34027,-0.57637,-0.39141,-2.0783,-0.21456,3.1089,-0.78037
0.33236,-0.5754,-0.38277,-2.0816,-0.2158,3.1115,-0.77436
0.32446,-0.57446,-0.37414,-2.0849,-0.21707,3.114,-0.76832
0.31657,-0.57354,-0.36551,-2.0881,-0.2184,3.1165,-0.76225
0.30914,-0.57269,-0.35738,-2.091,-0.2197,3.1188,-0.75648
0.30173,-0.57186,-0.34926,-2.0939,-0.22103,3.1211,-0.75069
0.29434,-0.57105,-0.34114,-2.0966,-0.22239,3.1233,-0.74489
0.28695,-0.57026,-0.33302,-2.0993,-0.22374,3.1254,-0.7391
0.27956,-0.56949,-0.32489,-2.1019,-0.22508,3.1275,-0.73333
0.27215,-0.56875,-0.31673,-2.1045,-0.22638,3.1296,-0.72758
0.26473,-0.56802,-0.30854,-2.107,-0.22763,3.1316,-0.72189
0.25727,-0.56731,-0.30031,-2.1095,-0.2288,3.1336,-0.71625
0.24978,-0.56663,-0.29203,-2.1119,-0.22988,3.1355,-0.71068
0.24224,-0.56597,-0.28369,-2.1143,-0.23086,3.1375,-0.7052
0.23464,-0.56533,-0.27528,-2.1167,-0.23171,3.1394,-0.69982
0.22672,-0.5647,-0.26651,-2.1191,-0.23245,3.1414,-0.69436
0.21875,-0.56408,-0.25767,-2.1215,-0.23309,3.1433,-0.68897
0.21075,-0.5635,-0.24879,-2.1239,-0.23367,3.1453,-0.68363
0.20274,-0.56294,-0.2399,-2.1262,-0.23425,3.1472,-0.6783
0.19473,-0.56241,-0.23101,-2.1285,-0.23487,3.149,-0.67293
0.18675,-0.56191,-0.22215,-2.1308,-0.23558,3.1509,-0.66748
0.17881,-0.56143,-0.21334,-2.133,-0.23645,3.1527,-0.66193
0.17094,-0.56098,-0.20461,-2.1351,-0.2375,3.1544,-0.65622
0.16315,-0.56056,-0.19597,-2.1372,-0.2388,3.1562,-0.65033
0.15545,-0.56017,-0.18745,-2.1392,-0.2404,3.1578,-0.64421
0.14788,-0.55981,-0.17906,-2.1411,-0.24233,3.1595,-0.63782
0.1407,-0.55949,-0.17112,-2.1429,-0.24456,3.161,-0.63139
0.13362,-0.5592,-0.1633,-2.1447,-0.24709,3.1624,-0.62472
0.12663,-0.55894,-0.15558,-2.1464,-0.24985,3.1639,-0.61787
0.1197,-0.5587,-0.14793,-2.148,-0.2528,3.1653,-0.61088
0.1128,-0.55849,-0.14032,-2.1496,-0.25585,3.1666,-0.60381
0.10593,-0.55831,-0.13273,-2.1512,-0.25896,3.1679,-0.5967
0.099043,-0.55816,-0.12512,-2.1527,-0.26205,3.1692,-0.58959
0.092133,-0.55803,-0.11747,-2.1542,-0.26506,3.1705,-0.58255
0.085172,-0.55792,-0.10976,-2.1556,-0.26793,3.1718,-0.57562
0.078138,-0.55785,-0.10196,-2.1571,-0.27059,3.173,-0.56884
0.071008,-0.5578,-0.09403,-2.1585,-0.27298,3.1743,-0.56227
0.063761,-0.55777,-0.085954,-2.16,-0.27505,3.1755,-0.55596
0.056463,-0.55777,-0.077803,-2.1614,-0.27671,3.1767,-0.55
0.049042,-0.5578,-0.069498,-2.1628,-0.27804,3.1779,-0.5443
0.041515,-0.55785,-0.061058,-2.1642,-0.27906,3.1791,-0.53883
0.033896,-0.55792,-0.0525,-2.1656,-0.27982,3.1803,-0.53356
0.026201,-0.55803,-0.043843,-2.167,-0.28036,3.1815,-0.52846
0.018445,-0.55816,-0.035106,-2.1683,-0.28073,3.1827,-0.52348
0.010643,-0.55831,-0.026306,-2.1697,-0.28098,3.1839,-0.51859
0.0028106,-0.5585,-0.017461,-2.171,-0.28113,3.185,-0.51377
-0.0050372,-0.55872,-0.0085902,-2.1723,-0.28124,3.1861,-0.50898
-0.012885,-0.55896,0.0002887,-2.1736,-0.28134,3.1872,-0.50418
-0.020718,-0.55924,0.0091574,-2.1748,-0.28149,3.1883,-0.49934
-0.028521,-0.55955,0.017998,-2.176,-0.28172,3.1893,-0.49442
-0.036245,-0.55988,0.026755,-2.1772,-0.28207,3.1903,-0.48944
-0.04393,-0.56025,0.035473,-2.1783,-0.28252,3.1913,-0.48436
-0.051582,-0.56065,0.044162,-2.1794,-0.28305,3.1923,-0.47922
-0.059207,-0.56108,0.052828,-2.1804,-0.28364,3.1932,-0.47402
-0.066809,-0.56155,0.061479,-2.1814,-0.28426,3.1941,-0.46878
-0.074397,-0.56205,0.070124,-2.1824,-0.28491,3.195,-0.46353
-0.081974,-0.56258,0.07877,-2.1834,-0.28554,3.1958,-0.45827
-0.089547,-0.56315,0.087425,-2.1843,-0.28615,3.1966,-0.45303
-0.097122,-0.56375,0.096098,-2.1852,-0.28671,3.1974,-0.44782
-0.1047,-0.56438,0.10479,-2.1861,-0.28719,3.1982,-0.44266
-0.1123,-0.56506,0.11352,-2.187,-0.28758,3.199,-0.43756
-0.11992,-0.56577,0.1223,-2.1878,-0.28785,3.1997,-0.43255
-0.12806,-0.56656,0.1317,-2.1887,-0.288,3.2005,-0.42732
-0.13622,-0.5674,0.14114,-2.1896,-0.28803,3.2012,-0.42217
-0.1444,-0.56827,0.15062,-2.1904,-0.28796,3.202,-0.41708
-0.15258,-0.56919,0.16011,-2.1912,-0.28784,3.2027,-0.41201
-0.16076,-0.57014,0.16962,-2.192,-0.2877,3.2033,-0.40695
-0.16892,-0.57112,0.17913,-2.1927,-0.28757,3.204,-0.40187
-0.17707,-0.57215,0.18862,-2.1934,-0.28749,3.2046,-0.39673
-0.18518,-0.5732,0.19809,-2.1941,-0.28749,3.2052,-0.3915
-0.19326,-0.57429,0.20753,-2.1947,-0.2876,3.2057,-0.38617
-0.2013,-0.57542,0.21692,-2.1953,-0.28786,3.2063,-0.38069
-0.20928,-0.57657,0.22625,-2.1958,-0.28831,3.2067,-0.37505
-0.21696,-0.57771,0.23523,-2.1963,-0.28893,3.2072,-0.36941
-0.2246,-0.57889,0.24416,-2.1967,-0.28972,3.2075,-0.36361
-0.23219,-0.5801,0.25305,-2.1971,-0.29063,3.2079,-0.3577
-0.23974,-0.58134,0.26191,-2.1974,-0.29161,3.2082,-0.3517
-0.24728,-0.58262,0.27076,-2.1977,-0.29264,3.2085,-0.34566
-0.25479,-0.58393,0.2796,-2.198,-0.29366,3.2088,-0.3396
-0.26229,-0.58528,0.28844,-2.1982,-0.29464,3.209,-0.33356
-0.26978,-0.58668,0.29731,-2.1985,-0.29554,3.2092,-0.32757
-0.27728,-0.58811,0.3062,-2.1987,-0.29631,3.2094,-0.32168
-0.2848,-0.58959,0.31514,-2.1988,-0.29691,3.2096,-0.3159
-0.29233,-0.59111,0.32413,-2.199,-0.2973,3.2097,-0.31028
-0.30018,-0.59275,0.33354,-2.1991,-0.29745,3.2099,-0.30463
-0.30805,-0.59443,0.34301,-2.1993,-0.29737,3.21,-0.29916
-0.31594,-0.59617,0.35254,-2.1994,-0.29709,3.2101,-0.29382
-0.32385,-0.59796,0.36213,-2.1994,-0.29664,3.2101,-0.28859
-0.33178,-0.5998,0.37177,-2.1995,-0.29607,3.2101,-0.28344
-0.33972,-0.60169,0.38145,-2.1994,-0.29539,3.2101,-0.27832
-0.34766,-0.60364,0.39116,-2.1994,-0.29466,3.21,-0.27321
-0.3556,-0.60564,0.40091,-2.1993,-0.2939,3.2099,-0.26807
-0.36354,-0.60769,0.41069,-2.1991,-0.29315,3.2097,-0.26287
-0.37148,-0.6098,0.42048,-2.1989,-0.29245,3.2095,-0.25758
-0.37895,-0.61183,0.42972,-2.1986,-0.29185,3.2093,-0.25249
-0.38639,-0.61391,0.43896,-2.1983,-0.2913,3.209,-0.24732
-0.39381,-0.61602,0.44818,-2.1979,-0.2908,3.2086,-0.24208
-0.40118,-0.61816,0.45736,-2.1975,-0.29033,3.2083,-0.23681
-0.4085,-0.62034,0.4665,-2.197,-0.28987,3.2079,-0.23153
-0.41574,-0.62253,0.47557,-2.1966,-0.28941,3.2074,-0.22626
-0.42291,-0.62474,0.48455,-2.1961,-0.28894,3.207,-0.22103
-0.42998,-0.62696,0.49344,-2.1956,-0.28844,3.2065,-0.21587
-0.43695,-0.62918,0.50222,-2.1951,-0.2879,3.2061,-0.21079
-0.4438,-0.6314,0.51086,-2.1945,-0.2873,3.2056,-0.20583
-0.45082,-0.63372,0.51974,-2.194,-0.28661,3.2051,-0.2008
-0.45777,-0.63606,0.52855,-2.1935,-0.28584,3.2046,-0.19585
-0.46471,-0.63845,0.53738,-2.1928,-0.285,3.2041,-0.19092
-0.4717,-0.64092,0.54632,-2.1921,-0.28408,3.2034,-0.18596
-0.47881,-0.64349,0.55547,-2.1913,-0.28309,3.2027,-0.18089
-0.48611,-0.6462,0.5649,-2.1904,-0.28201,3.2018,-0.17566
-0.49366,-0.64908,0.57472,-2.1892,-0.28086,3.2008,-0.1702
-0.50153,-0.65215,0.58501,-2.1878,-0.27964,3.1996,-0.16444
-0.50978,-0.65543,0.59586,-2.1862,-0.27833,3.1982,-0.15833
-0.51891,-0.65915,0.60794,-2.1843,-0.27688,3.1964,-0.15147
-0.52822,-0.663,0.6203,-2.1821,-0.27539,3.1945,-0.1444
-0.53737,-0.66685,0.63247,-2.1799,-0.27393,3.1926,-0.13738
-0.54604,-0.67055,0.64401,-2.1779,-0.27256,3.1908,-0.13069
-0.55389,-0.67395,0.65447,-2.1761,-0.27133,3.1893,-0.12458
-0.56061,-0.67692,0.66338,-2.1747,-0.2703,3.188,-0.11931
-0.56586,-0.67932,0.6703,-2.1739,-0.26952,3.1873,-0.11515
-0.56931,-0.68099,0.67476,-2.1737,-0.26906,3.1872,-0.11236
-0.57068,-0.68179,0.6764,-2.1742,-0.26895,3.1876,-0.11119
-0.57047,-0.68195,0.67588,-2.1753,-0.26912,3.1886,-0.11123
-0.56881,-0.68153,0.67338,-2.177,-0.26955,3.1901,-0.11237
-0.56583,-0.68058,0.66908,-2.1792,-0.27023,3.192,-0.11451
-0.56165,-0.67915,0.66313,-2.1818,-0.27113,3.1943,-0.11755
-0.55639,-0.67729,0.6557,-2.1848,-0.27225,3.197,-0.12139
-0.55017,-0.67505,0.64698,-2.1881,-0.27357,3.1999,-0.12592
-0.54313,-0.67249,0.63712,-2.1917,-0.27506,3.2031,-0.13104
-0.53537,-0.66966,0.6263,-2.1955,-0.27672,3.2066,-0.13666
-0.52703,-0.66661,0.61468,-2.1995,-0.27852,3.2101,-0.14266
-0.51824,-0.6634,0.60244,-2.2037,-0.28045,3.2138,-0.14895
-0.5091,-0.66007,0.58974,-2.2078,-0.28249,3.2175,-0.15543
-0.49975,-0.65668,0.57675,-2.212,-0.28463,3.2213,-0.162
-0.49031,-0.65328,0.56365,-2.2162,-0.28685,3.225,-0.16854
-0.4809,-0.64992,0.5506,-2.2202,-0.28913,3.2286,-0.17497
-0.47165,-0.64666,0.53777,-2.2241,-0.29145,3.2321,-0.18117
-0.46267,-0.64354,0.52533,-2.2277,-0.2938,3.2355,-0.18705
-0.45411,-0.64062,0.51345,-2.2311,-0.29616,3.2386,-0.19251
-0.44591,-0.63788,0.5021,-2.2343,-0.29853,3.2415,-0.19758
-0.43806,-0.63532,0.49122,-2.2372,-0.30089,3.2442,-0.20229
-0.43051,-0.63293,0.48077,-2.2399,-0.30326,3.2468,-0.20668
-0.42325,-0.63068,0.47073,-2.2424,-0.30562,3.2492,-0.21078
-0.41623,-0.62857,0.46104,-2.2447,-0.30796,3.2514,-0.21462
-0.40943,-0.62658,0.45167,-2.2468,-0.31029,3.2534,-0.21823
-0.40283,-0.62471,0.44258,-2.2488,-0.31259,3.2554,-0.22165
-0.39638,-0.62295,0.43372,-2.2506,-0.31487,3.2572,-0.22491
-0.39006,-0.62127,0.42506,-2.2523,-0.31711,3.2589,-0.22804
-0.38385,-0.61967,0.41657,-2.2539,-0.31932,3.2605,-0.23107
-0.3777,-0.61815,0.40819,-2.2554,-0.32148,3.262,-0.23404
-0.37159,-0.61667,0.39989,-2.2568,-0.3236,3.2635,-0.23698
-0.36549,-0.61524,0.39163,-2.2582,-0.32566,3.2649,-0.23992
-0.35938,-0.61385,0.38337,-2.2595,-0.32767,3.2663,-0.2429
-0.35321,-0.61247,0.37508,-2.2607,-0.32962,3.2676,-0.24594
-0.34696,-0.6111,0.3667,-2.262,-0.3315,3.2689,-0.24908
-0.3406,-0.60973,0.3582,-2.2632,-0.33331,3.2702,-0.25236
-0.3341,-0.60834,0.34955,-2.2645,-0.33504,3.2715,-0.2558
-0.32718,-0.60688,0.34037,-2.2658,-0.33676,3.2729,-0.25956
-0.32011,-0.60539,0.33102,-2.2671,-0.33841,3.2742,-0.26349
-0.31291,-0.6039,0.3215,-2.2684,-0.34004,3.2756,-0.26753
-0.30559,-0.60239,0.31185,-2.2697,-0.34166,3.277,-0.27165
-0.29818,-0.60089,0.3021,-2.271,-0.34331,3.2783,-0.27579
-0.29071,-0.5994,0.29227,-2.2723,-0.34502,3.2796,-0.27991
-0.2832,-0.59792,0.28239,-2.2736,-0.34681,3.2809,-0.28396
-0.27567,-0.59647,0.27249,-2.2747,-0.34871,3.2822,-0.2879
-0.26814,-0.59506,0.26259,-2.2759,-0.35075,3.2834,-0.29168
-0.26065,-0.59368,0.25272,-2.2769,-0.35296,3.2846,-0.29525
-0.25344,-0.59239,0.24323,-2.2779,-0.35527,3.2857,-0.29847
-0.24627,-0.59115,0.23379,-2.2787,-0.35772,3.2867,-0.30151
-0.23912,-0.58995,0.22437,-2.2796,-0.36025,3.2876,-0.30443
-0.23197,-0.58879,0.21496,-2.2803,-0.36282,3.2886,-0.30728
-0.2248,-0.58768,0.20556,-2.281,-0.36537,3.2894,-0.31013
-0.21759,-0.5866,0.19614,-2.2817,-0.36786,3.2903,-0.31302
-0.21033,-0.58557,0.1867,-2.2823,-0.37024,3.2911,-0.31602
-0.20301,-0.58458,0.17723,-2.283,-0.37246,3.2918,-0.31919
-0.19559,-0.58362,0.16769,-2.2836,-0.37446,3.2925,-0.32257
-0.18808,-0.58271,0.1581,-2.2842,-0.37621,3.2933,-0.32624
-0.18044,-0.58183,0.14842,-2.2847,-0.37765,3.2939,-0.33024
-0.17228,-0.58095,0.13816,-2.2854,-0.3788,3.2946,-0.33484
-0.16403,-0.58011,0.12784,-2.286,-0.37969,3.2953,-0.33972
-0.15572,-0.5793,0.1175,-2.2866,-0.38046,3.2959,-0.34472
-0.14743,-0.57853,0.10719,-2.2872,-0.38124,3.2965,-0.34968
-0.1392,-0.5778,0.096945,-2.2877,-0.38216,3.2971,-0.35444
-0.13109,-0.57709,0.086814,-2.2881,-0.38338,3.2976,-0.35884
-0.12314,-0.57641,0.076837,-2.2885,-0.38501,3.2981,-0.36273
-0.11542,-0.57575,0.067058,-2.2888,-0.3872,3.2986,-0.36595
-0.10797,-0.57512,0.057518,-2.2889,-0.39009,3.2989,-0.36834
-0.10086,-0.57451,0.048262,-2.2889,-0.3938,3.2993,-0.36973
-0.094121,-0.57392,0.039331,-2.2888,-0.39849,3.2995,-0.36998
-0.088085,-0.57337,0.031138,-2.2886,-0.40395,3.2998,-0.36904
-0.082404,-0.57284,0.023247,-2.2882,-0.41031,3.2999,-0.36704
-0.077036,-0.57233,0.015623,-2.2877,-0.41746,3.3,-0.3641
-0.071939,-0.57184,0.0082304,-2.2871,-0.4253,3.3001,-0.36034
-0.067069,-0.57136,0.0010362,-2.2864,-0.43371,3.3001,-0.35589
-0.062385,-0.57091,-0.0059945,-2.2856,-0.44261,3.3001,-0.35087
-0.057845,-0.57048,-0.012896,-2.2847,-0.45187,3.3,-0.34541
-0.053407,-0.57008,-0.019702,-2.2838,-0.46139,3.2999,-0.33963
-0.049028,-0.5697,-0.026448,-2.2829,-0.47107,3.2998,-0.33366
-0.044666,-0.56935,-0.033168,-2.2819,-0.4808,3.2997,-0.32762
-0.040278,-0.56902,-0.039896,-2.2809,-0.49047,3.2995,-0.32163
-0.035824,-0.56873,-0.046667,-2.2799,-0.49998,3.2994,-0.31582
-0.031259,-0.56846,-0.053514,-2.2789,-0.50922,3.2992,-0.31032
-0.026543,-0.56823,-0.060473,-2.278,-0.51808,3.299,-0.30525
-0.021632,-0.56803,-0.067577,-2.277,-0.52647,3.2988,-0.30073
-0.016485,-0.56787,-0.074862,-2.2762,-0.53426,3.2986,-0.29689
-0.01106,-0.56774,-0.08236,-2.2753,-0.54137,3.2984,-0.29385
-0.0053138,-0.56765,-0.090108,-2.2746,-0.54767,3.2982,-0.29174
0.00079538,-0.56759,-0.098138,-2.2739,-0.55307,3.298,-0.29068
0.0075584,-0.56758,-0.10681,-2.2733,-0.55764,3.2978,-0.29078
0.014713,-0.56761,-0.11578,-2.2728,-0.56126,3.2976,-0.292
0.022213,-0.56768,-0.12503,-2.2724,-0.56405,3.2975,-0.29419
0.030013,-0.56779,-0.13451,-2.2721,-0.56614,3.2973,-0.2972
0.038066,-0.56794,-0.14419,-2.2717,-0.56766,3.2971,-0.30088
0.046327,-0.56814,-0.15403,-2.2715,-0.56875,3.2969,-0.30508
0.054749,-0.56837,-0.164,-2.2712,-0.56954,3.2967,-0.30964
0.063287,-0.56863,-0.17405,-2.2709,-0.57016,3.2965,-0.31442
0.071894,-0.56894,-0.18416,-2.2706,-0.57073,3.2962,-0.31927
0.080525,-0.56928,-0.19429,-2.2702,-0.57141,3.2959,-0.32404
0.089132,-0.56966,-0.2044,-2.2698,-0.5723,3.2956,-0.32858
0.097672,-0.57008,-0.21445,-2.2694,-0.57356,3.2952,-0.33273
0.10565,-0.57051,-0.22388,-2.2688,-0.57516,3.2948,-0.3362
0.11354,-0.57097,-0.23324,-2.2682,-0.57714,3.2944,-0.33927
0.12135,-0.57146,-0.24252,-2.2676,-0.57942,3.2939,-0.342
0.1291,-0.57199,-0.25175,-2.2669,-0.58193,3.2934,-0.34447
0.13679,-0.57257,-0.26092,-2.2661,-0.58461,3.2928,-0.34675
0.14443,-0.57318,-0.27003,-2.2653,-0.5874,3.2923,-0.34891
0.15205,-0.57384,-0.27911,-2.2645,-0.59021,3.2917,-0.35102
0.15965,-0.57454,-0.28814,-2.2637,-0.593,3.291,-0.35316
0.16724,-0.57529,-0.29715,-2.2628,-0.59568,3.2904,-0.35539
0.17484,-0.57609,-0.30613,-2.262,-0.5982,3.2897,-0.35778
0.18245,-0.57694,-0.31509,-2.2611,-0.60048,3.289,-0.36042
0.1901,-0.57784,-0.32404,-2.2603,-0.60246,3.2882,-0.36336
0.19779,-0.5788,-0.33298,-2.2594,-0.60408,3.2875,-0.36669
0.20603,-0.57988,-0.34251,-2.2586,-0.60535,3.2867,-0.3707
0.21433,-0.58102,-0.35203,-2.2578,-0.60624,3.2859,-0.37511
0.22265,-0.58222,-0.36154,-2.2569,-0.60687,3.285,-0.37979
0.231,-0.58347,-0.37104,-2.2561,-0.60734,3.2841,-0.38463
0.23934,-0.58476,-0.38051,-2.2552,-0.60779,3.2832,-0.3895
0.24768,-0.58609,-0.38995,-2.2544,-0.60832,3.2823,-0.39429
0.25599,-0.58746,-0.39936,-2.2534,-0.60905,3.2813,-0.39888
0.26426,-0.58886,-0.40872,-2.2524,-0.61009,3.2803,-0.40315
0.27248,-0.59028,-0.41804,-2.2513,-0.61157,3.2792,-0.40697
0.28062,-0.59173,-0.42731,-2.2502,-0.61359,3.2781,-0.41023
0.28869,-0.59319,-0.43652,-2.2489,-0.61627,3.277,-0.4128
0.29666,-0.59466,-0.44566,-2.2476,-0.61973,3.2758,-0.41458
0.30396,-0.59603,-0.45409,-2.2462,-0.62371,3.2746,-0.41544
0.31117,-0.59741,-0.46246,-2.2447,-0.62836,3.2734,-0.41561
0.31832,-0.5988,-0.47078,-2.2431,-0.63356,3.2722,-0.41521
0.32539,-0.60022,-0.47905,-2.2415,-0.63922,3.2709,-0.41434
0.33242,-0.60166,-0.48728,-2.2398,-0.64523,3.2696,-0.41311
0.3394,-0.60312,-0.49545,-2.2381,-0.65149,3.2683,-0.41163
0.34635,-0.60462,-0.50359,-2.2363,-0.65789,3.2669,-0.41
0.35328,-0.60616,-0.51169,-2.2345,-0.66432,3.2655,-0.40834
0.3602,-0.60774,-0.51976,-2.2326,-0.67069,3.2641,-0.40675
0.36711,-0.60937,-0.5278,-2.2308,-0.67688,3.2626,-0.40535
0.37405,-0.61106,-0.53581,-2.229,-0.68279,3.2612,-0.40424
0.381,-0.61279,-0.54379,-2.2272,-0.68832,3.2597,-0.40353
0.38798,-0.6146,-0.55176,-2.2255,-0.69337,3.2582,-0.40332
0.39501,-0.61646,-0.55971,-2.2238,-0.69781,3.2567,-0.40374
0.4021,-0.61841,-0.56765,-2.2222,-0.70156,3.2552,-0.40488
0.40999,-0.62064,-0.5764,-2.2204,-0.70481,3.2535,-0.40707
0.41796,-0.62296,-0.58514,-2.2188,-0.7072,3.2518,-0.41016
0.42601,-0.62539,-0.59389,-2.2172,-0.70886,3.2501,-0.41404
0.43414,-0.62792,-0.60264,-2.2156,-0.7099,3.2483,-0.4186
0.44235,-0.63056,-0.61141,-2.214,-0.71045,3.2465,-0.42373
0.45064,-0.63332,-0.6202,-2.2124,-0.71063,3.2447,-0.4293
0.459,-0.63618,-0.62902,-2.2108,-0.71056,3.2427,-0.43522
0.46744,-0.63917,-0.63787,-2.2091,-0.71036,3.2407,-0.44136
0.47595,-0.64228,-0.64676,-2.2073,-0.71016,3.2386,-0.4476
0.48454,-0.64552,-0.6557,-2.2054,-0.71008,3.2364,-0.45385
0.49321,-0.64889,-0.6647,-2.2035,-0.71023,3.2341,-0.45998
0.50147,-0.6522,-0.67326,-2.2015,-0.71068,3.2318,-0.4656
0.50975,-0.6556,-0.68183,-2.1994,-0.71141,3.2294,-0.47101
0.51801,-0.65905,-0.69037,-2.1972,-0.71235,3.227,-0.47624
0.5262,-0.66254,-0.69883,-2.195,-0.71348,3.2246,-0.48128
0.53428,-0.66604,-0.70717,-2.1928,-0.71473,3.2221,-0.48615
0.5422,-0.6695,-0.71534,-2.1906,-0.71605,3.2196,-0.49085
0.54993,-0.67291,-0.72331,-2.1884,-0.7174,3.2172,-0.49539
0.5574,-0.67623,-0.73101,-2.1862,-0.71873,3.2149,-0.49977
0.56458,-0.67943,-0.73842,-2.1842,-0.71999,3.2126,-0.50401
0.57143,-0.68248,-0.74549,-2.1822,-0.72113,3.2105,-0.50811
0.5779,-0.68537,-0.75217,-2.1804,-0.7221,3.2085,-0.51208
0.58417,-0.68815,-0.75865,-2.1787,-0.72289,3.2065,-0.51608
0.5902,-0.69086,-0.76486,-2.177,-0.72349,3.2047,-0.52008
0.59617,-0.69362,-0.77099,-2.1754,-0.72395,3.2028,-0.52423
0.6023,-0.69657,-0.77722,-2.1736,-0.72432,3.2007,-0.52866
0.60879,-0.69986,-0.78373,-2.1715,-0.72465,3.1984,-0.53353
0.61584,-0.70361,-0.79072,-2.1692,-0.72499,3.1958,-0.53896
0.62365,-0.70796,-0.79837,-2.1664,-0.72537,3.1927,-0.5451
0.63243,-0.71306,-0.80688,-2.1631,-0.72586,3.189,-0.55209
0.64238,-0.71904,-0.81641,-2.1592,-0.72649,3.1847,-0.56006
0.65369,-0.72604,-0.82718,-2.1545,-0.72732,3.1796,-0.56916
0.66632,-0.73401,-0.83911,-2.1492,-0.72836,3.1738,-0.57932
0.6792,-0.74224,-0.85123,-2.1436,-0.72949,3.1677,-0.58969
0.69128,-0.75002,-0.86256,-2.1383,-0.73059,3.162,-0.59941
0.70177,-0.75682,-0.87239,-2.1337,-0.73158,3.157,-0.60785
0.71017,-0.76228,-0.88024,-2.13,-0.73238,3.153,-0.61461
0.71624,-0.76624,-0.88592,-2.1273,-0.73297,3.1501,-0.61949
0.72004,-0.76872,-0.88947,-2.1256,-0.73334,3.1482,-0.62255
0.72189,-0.76993,-0.89119,-2.1248,-0.73352,3.1473,-0.62404
0.7224,-0.77027,-0.89167,-2.1246,-0.73357,3.1471,-0.62445
