0,0,0,0,0,0,0
1.1547,0.83863,-0.78845,1.5084,0.14071,-1.3554,-0.94937
2.0743,1.5174,-1.409,2.7383,0.25391,-2.4545,-1.7097
2.7586,2.0364,-1.8617,3.6897,0.33962,-3.2975,-2.2809
3.2077,2.3956,-2.1465,4.3625,0.39782,-3.8843,-2.6631
3.4215,2.5949,-2.2634,4.7568,0.42851,-4.2149,-2.8563
3.4002,2.6344,-2.2124,4.8726,0.43171,-4.2893,-2.8604
3.1436,2.5141,-1.9935,4.7098,0.4074,-4.1075,-2.6754
2.6518,2.234,-1.6067,4.2685,0.35559,-3.6695,-2.3014
1.9248,1.794,-1.052,3.5486,0.27628,-2.9753,-1.7383
0.96256,1.1942,-0.32947,2.5503,0.16947,-2.0249,-0.98617
-0.23489,0.43458,0.56098,1.2734,0.035152,-0.81837,-0.044975
-1.6676,-0.48487,1.6193,-0.28209,-0.12667,0.64438,1.0853
-3.3355,-1.5641,2.8456,-2.1161,-0.31599,2.3633,2.4046
-2.9475,-1.4796,2.4228,-2.1056,-0.2334,2.2917,2.0973
-2.5596,-1.3951,2,-2.0952,-0.15081,2.2201,1.7901
-2.1717,-1.3106,1.5773,-2.0847,-0.068215,2.1485,1.4828
-1.7838,-1.2261,1.1545,-2.0743,0.014376,2.0769,1.1756
-1.3959,-1.1416,0.73177,-2.0638,0.096967,2.0053,0.86831
-1.008,-1.0571,0.30901,-2.0534,0.17956,1.9336,0.56105
-0.62011,-0.97258,-0.11375,-2.0429,0.26215,1.862,0.2538
-0.23221,-0.88807,-0.5365,-2.0325,0.34474,1.7904,-0.053454
0.1557,-0.80356,-0.95926,-2.022,0.42733,1.7188,-0.36071
0.5436,-0.71905,-1.382,-2.0116,0.50992,1.6472,-0.66796
0.93151,-0.63455,-1.8048,-2.0011,0.59251,1.5756,-0.97522
1.3194,-0.55004,-2.2275,-1.9907,0.6751,1.504,-1.2825
1.7073,-0.46553,-2.6503,-1.9802,0.75769,1.4323,-1.5897
1.5636,-0.42837,-2.4237,-1.7938,0.69836,1.2986,-1.4547
1.4199,-0.39122,-2.197,-1.6073,0.63903,1.1648,-1.3197
1.2762,-0.35407,-1.9704,-1.4209,0.5797,1.0311,-1.1846
1.1325,-0.31691,-1.7438,-1.2344,0.52036,0.89733,-1.0496
0.9888,-0.27976,-1.5172,-1.048,0.46103,0.76357,-0.9146
0.84509,-0.2426,-1.2905,-0.86154,0.4017,0.62982,-0.77957
0.70139,-0.20545,-1.0639,-0.67509,0.34237,0.49607,-0.64454
0.55768,-0.1683,-0.8373,-0.48864,0.28303,0.36231,-0.50952
0.41398,-0.13114,-0.61068,-0.30219,0.2237,0.22856,-0.37449
0.27028,-0.093988,-0.38405,-0.11574,0.16437,0.094805,-0.23947
0.12657,-0.056834,-0.15743,0.070714,0.10503,-0.038949,-0.10444
-0.01713,-0.01968,0.069197,0.25716,0.045701,-0.1727,0.030583
-0.16083,0.017474,0.29582,0.44362,-0.013632,-0.30646,0.16561
-0.30454,0.054628,0.52244,0.63007,-0.072965,-0.44021,0.30063
-0.44824,0.091782,0.74907,0.81652,-0.1323,-0.57396,0.43566
-0.42297,0.076176,0.69605,0.7474,-0.10789,-0.52511,0.39358
-0.39769,0.060571,0.64303,0.67829,-0.083487,-0.47626,0.3515
-0.37241,0.044966,0.59001,0.60918,-0.059081,-0.42741,0.30941
-0.34714,0.02936,0.53699,0.54006,-0.034676,-0.37856,0.26733
-0.32186,0.013755,0.48397,0.47095,-0.010271,-0.32971,0.22525
-0.29659,-0.0018509,0.43095,0.40184,0.014134,-0.28086,0.18317
-0.27131,-0.017456,0.37794,0.33272,0.03854,-0.23201,0.14109
-0.24603,-0.033062,0.32492,0.26361,0.062945,-0.18316,0.099006
-0.22076,-0.048667,0.2719,0.19449,0.08735,-0.13431,0.056925
-0.19548,-0.064273,0.21888,0.12538,0.11176,-0.085464,0.014843
-0.17021,-0.079878,0.16586,0.056268,0.13616,-0.036614,-0.027239
-0.14493,-0.095484,0.11284,-0.012846,0.16057,0.012236,-0.06932
-0.11965,-0.11109,0.059822,-0.081959,0.18497,0.061086,-0.1114
-0.094378,-0.12669,0.0068032,-0.15107,0.20938,0.10994,-0.15348
-0.069102,-0.1423,-0.046216,-0.22019,0.23378,0.15879,-0.19557
-0.062834,-0.10705,-0.040469,-0.13032,0.2172,0.10185,-0.17371
-0.056565,-0.071797,-0.034722,-0.04046,0.20063,0.04491,-0.15185
-0.050297,-0.036546,-0.028975,0.049403,0.18405,-0.012027,-0.12999
-0.044029,-0.001294,-0.023228,0.13927,0.16747,-0.068965,-0.10814
-0.03776,0.033958,-0.017481,0.22913,0.15089,-0.1259,-0.086281
-0.031492,0.069209,-0.011735,0.31899,0.13431,-0.18284,-0.064424
-0.025224,0.10446,-0.0059877,0.40886,0.11773,-0.23978,-0.042567
-0.018955,0.13971,-0.00024082,0.49872,0.10115,-0.29672,-0.020711
-0.012687,0.17496,0.005506,0.58858,0.084576,-0.35365,0.0011463
-0.0064186,0.21022,0.011253,0.67844,0.067997,-0.41059,0.023003
-0.0001503,0.24547,0.017,0.76831,0.051419,-0.46753,0.04486
0.0061181,0.28072,0.022747,0.85817,0.034841,-0.52447,0.066717
0.012386,0.31597,0.028493,0.94803,0.018262,-0.5814,0.088574
0.018655,0.35122,0.03424,1.0379,0.0016836,-0.63834,0.11043
0.024923,0.38647,0.039987,1.1278,-0.014895,-0.69528,0.13229
0.031191,0.42172,0.045734,1.2176,-0.031473,-0.75222,0.15414
0.0035372,0.3144,0.04948,0.9325,-0.032392,-0.57639,0.14734
-0.024117,0.20708,0.053225,0.64737,-0.033311,-0.40056,0.14053
-0.051771,0.099764,0.056971,0.36224,-0.03423,-0.22473,0.13372
-0.079426,-0.0075567,0.060717,0.077111,-0.035149,-0.048907,0.12691
-0.10708,-0.11488,0.064463,-0.20802,-0.036067,0.12692,0.12011
-0.13473,-0.2222,0.068208,-0.49315,-0.036986,0.30275,0.1133
-0.16239,-0.32952,0.071954,-0.77827,-0.037905,0.47858,0.10649
-0.19004,-0.43684,0.0757,-1.0634,-0.038824,0.6544,0.099683
-0.2177,-0.54416,0.079445,-1.3485,-0.039743,0.83023,0.092875
-0.24535,-0.65148,0.083191,-1.6337,-0.040661,1.0061,0.086068
-0.27301,-0.7588,0.086937,-1.9188,-0.04158,1.1819,0.07926
-0.30066,-0.86612,0.090682,-2.2039,-0.042499,1.3577,0.072452
-0.32831,-0.97344,0.094428,-2.489,-0.043418,1.5335,0.065645
-0.35597,-1.0808,0.098174,-2.7742,-0.044337,1.7094,0.058837
-0.38362,-1.1881,0.10192,-3.0593,-0.045255,1.8852,0.05203
-0.41128,-1.2954,0.10567,-3.3444,-0.046174,2.061,0.045222
-0.35759,-1.1733,0.084354,-3.0152,-0.037656,1.8577,0.020279
-0.3039,-1.0512,0.063043,-2.686,-0.029138,1.6544,-0.0046643
-0.25022,-0.92907,0.041732,-2.3568,-0.02062,1.4511,-0.029608
-0.19653,-0.80696,0.020421,-2.0275,-0.012102,1.2478,-0.054551
-0.14284,-0.68485,-0.00089061,-1.6983,-0.0035838,1.0444,-0.079494
-0.089159,-0.56274,-0.022202,-1.3691,0.0049343,0.84112,-0.10444
-0.035472,-0.44062,-0.043513,-1.0399,0.013452,0.6378,-0.12938
0.018214,-0.31851,-0.064824,-0.71064,0.02197,0.43448,-0.15432
0.071901,-0.1964,-0.086135,-0.38141,0.030488,0.23116,-0.17927
0.12559,-0.074293,-0.10745,-0.052187,0.039007,0.027841,-0.20421
0.17927,0.047818,-0.12876,0.27704,0.047525,-0.17548,-0.22915
0.23296,0.16993,-0.15007,0.60626,0.056043,-0.3788,-0.2541
0.28665,0.29204,-0.17138,0.93549,0.064561,-0.58211,-0.27904
0.34033,0.41415,-0.19269,1.2647,0.073079,-0.78543,-0.30398
0.31178,0.38093,-0.16446,1.1669,0.032256,-0.72448,-0.24315
0.28323,0.34771,-0.13623,1.069,-0.0085665,-0.66352,-0.18231
0.25468,0.31449,-0.108,0.97118,-0.049389,-0.60257,-0.12148
0.22613,0.28127,-0.079767,0.87333,-0.090212,-0.54161,-0.06064
0.19758,0.24805,-0.051537,0.77549,-0.13103,-0.48066,0.00019551
0.16903,0.21484,-0.023306,0.67765,-0.17186,-0.41971,0.061031
0.14047,0.18162,0.0049252,0.5798,-0.21268,-0.35875,0.12187
0.11192,0.1484,0.033156,0.48196,-0.2535,-0.2978,0.1827
0.083372,0.11518,0.061387,0.38411,-0.29433,-0.23684,0.24354
0.054821,0.081959,0.089618,0.28627,-0.33515,-0.17589,0.30437
0.02627,0.048739,0.11785,0.18843,-0.37597,-0.11493,0.36521
-0.0022815,0.01552,0.14608,0.090581,-0.41679,-0.053978,0.42604
-0.030833,-0.017699,0.17431,-0.0072629,-0.45762,0.0069764,0.48688
-0.059384,-0.050918,0.20254,-0.10511,-0.49844,0.067931,0.54772
0.048509,-0.084621,0.058954,-0.052302,-0.43953,0.032489,0.39872
0.1564,-0.11832,-0.084633,0.00050265,-0.38062,-0.0029536,0.24972
0.2643,-0.15203,-0.22822,0.053307,-0.32171,-0.038396,0.10072
0.37219,-0.18573,-0.37181,0.10611,-0.26281,-0.073838,-0.048279
0.48008,-0.21943,-0.51539,0.15892,-0.2039,-0.10928,-0.19728
0.58798,-0.25314,-0.65898,0.21172,-0.14499,-0.14472,-0.34628
0.69587,-0.28684,-0.80257,0.26453,-0.086082,-0.18016,-0.49528
0.80376,-0.32054,-0.94616,0.31733,-0.027174,-0.21561,-0.64427
0.91166,-0.35424,-1.0897,0.37014,0.031734,-0.25105,-0.79327
1.0195,-0.38795,-1.2333,0.42294,0.090643,-0.28649,-0.94227
1.1274,-0.42165,-1.3769,0.47575,0.14955,-0.32193,-1.0913
1.2353,-0.45535,-1.5205,0.52855,0.20846,-0.35738,-1.2403
1.3432,-0.48906,-1.6641,0.58136,0.26737,-0.39282,-1.3893
0.8483,-0.33341,-1.0527,0.47203,0.13947,-0.31594,-0.89311
0.35338,-0.17776,-0.44131,0.36271,0.01158,-0.23905,-0.39695
-0.14155,-0.022115,0.17008,0.25338,-0.11631,-0.16217,0.099213
-0.63647,0.13353,0.78147,0.14406,-0.24421,-0.085285,0.59537
-1.1314,0.28918,1.3929,0.034735,-0.3721,-0.0084016,1.0915
-1.6263,0.44483,2.0043,-0.07459,-0.49999,0.068482,1.5877
-2.1212,0.60047,2.6156,-0.18391,-0.62789,0.14537,2.0839
-2.6162,0.75612,3.227,-0.29324,-0.75578,0.22225,2.58
-3.1111,0.91177,3.8384,-0.40256,-0.88367,0.29913,3.0762
-3.606,1.0674,4.4498,-0.51189,-1.0116,0.37602,3.5723
-4.1009,1.2231,5.0612,-0.62121,-1.1395,0.4529,4.0685
-4.5959,1.3787,5.6726,-0.73053,-1.2674,0.52978,4.5647
-5.0908,1.5344,6.284,-0.83986,-1.3952,0.60667,5.0608
-4.5583,1.3691,5.6257,-0.72586,-1.2589,0.526,4.5394
-4.0257,1.2039,4.9675,-0.61186,-1.1225,0.44533,4.0181
-3.4932,1.0386,4.3092,-0.49785,-0.9861,0.36466,3.4967
-2.9607,0.87341,3.651,-0.38385,-0.84971,0.28399,2.9753
-2.4281,0.70818,2.9927,-0.26985,-0.71333,0.20332,2.4539
-1.8956,0.54294,2.3345,-0.15585,-0.57695,0.12265,1.9325
-1.3631,0.37771,1.6763,-0.041847,-0.44056,0.041986,1.4111
-0.83054,0.21247,1.018,0.072155,-0.30418,-0.038682,0.88976
-0.29801,0.047234,0.35975,0.18616,-0.1678,-0.11935,0.36838
0.23452,-0.118,-0.2985,0.30016,-0.031415,-0.20002,-0.153
0.76705,-0.28324,-0.95675,0.41416,0.10497,-0.28069,-0.67438
1.2996,-0.44847,-1.615,0.52816,0.24135,-0.36136,-1.1958
1.1677,-0.41041,-1.4541,0.49707,0.21987,-0.34041,-1.0816
1.0359,-0.37234,-1.2933,0.46598,0.19839,-0.31946,-0.96748
0.90407,-0.33427,-1.1324,0.43489,0.17691,-0.29851,-0.85334
0.77223,-0.29621,-0.9716,0.40379,0.15543,-0.27756,-0.7392
0.6404,-0.25814,-0.81075,0.3727,0.13394,-0.25661,-0.62506
0.50856,-0.22007,-0.6499,0.34161,0.11246,-0.23566,-0.51092
0.37672,-0.182,-0.48905,0.31052,0.090981,-0.21471,-0.39678
0.24489,-0.14394,-0.3282,0.27942,0.0695,-0.19377,-0.28264
0.11305,-0.10587,-0.16735,0.24833,0.048019,-0.17282,-0.1685
-0.018788,-0.067804,-0.0065015,0.21724,0.026537,-0.15187,-0.054359
-0.15062,-0.029737,0.15435,0.18615,0.005056,-0.13092,0.059781
-0.28246,0.0083303,0.3152,0.15506,-0.016425,-0.10997,0.17392
-0.4143,0.046397,0.47605,0.12396,-0.037907,-0.089021,0.28806
-0.37612,0.035284,0.43171,0.12894,-0.04281,-0.092747,0.26785
-0.33795,0.02417,0.38736,0.13391,-0.047712,-0.096474,0.24765
-0.29977,0.013057,0.34302,0.13888,-0.052615,-0.1002,0.22744
-0.2616,0.0019433,0.29868,0.14385,-0.057518,-0.10393,0.20723
-0.22342,-0.0091702,0.25434,0.14882,-0.062421,-0.10765,0.18702
-0.18525,-0.020284,0.21,0.15379,-0.067323,-0.11138,0.16681
-0.14707,-0.031397,0.16566,0.15876,-0.072226,-0.11511,0.14661
-0.1089,-0.042511,0.12132,0.16373,-0.077129,-0.11883,0.1264
-0.070723,-0.053624,0.076978,0.1687,-0.082032,-0.12256,0.10619
-0.032548,-0.064738,0.032637,0.17367,-0.086935,-0.12629,0.085981
0.0056266,-0.075851,-0.011704,0.17865,-0.091837,-0.13001,0.065773
0.043802,-0.086965,-0.056045,0.18362,-0.09674,-0.13374,0.045565
0.081977,-0.098078,-0.10039,0.18859,-0.10164,-0.13747,0.025357
0.12015,-0.10919,-0.14473,0.19356,-0.10655,-0.14119,0.0051494
0.1092,-0.10639,-0.13207,0.18956,-0.093205,-0.13848,7.9635e-05
0.098249,-0.10358,-0.11942,0.18556,-0.079865,-0.13576,-0.0049901
0.087298,-0.10078,-0.10676,0.18156,-0.066525,-0.13305,-0.01006
0.076347,-0.097976,-0.094103,0.17756,-0.053185,-0.13034,-0.01513
0.065396,-0.095172,-0.081447,0.17356,-0.039844,-0.12762,-0.020199
0.054445,-0.092368,-0.068792,0.16956,-0.026504,-0.12491,-0.025269
0.043494,-0.089565,-0.056136,0.16556,-0.013164,-0.1222,-0.030339
0.032543,-0.086761,-0.04348,0.16156,0.00017664,-0.11948,-0.035409
0.021592,-0.083957,-0.030824,0.15755,0.013517,-0.11677,-0.040478
0.010641,-0.081153,-0.018168,0.15355,0.026857,-0.11406,-0.045548
-0.00031059,-0.078349,-0.0055118,0.14955,0.040198,-0.11134,-0.050618
-0.011262,-0.075545,0.0071442,0.14555,0.053538,-0.10863,-0.055688
-0.022213,-0.072741,0.0198,0.14155,0.066878,-0.10592,-0.060757
-0.033164,-0.069938,0.032456,0.13755,0.080218,-0.1032,-0.065827
-0.044115,-0.067134,0.045112,0.13355,0.093559,-0.10049,-0.070897
-0.044073,-0.068193,0.04746,0.1404,0.084485,-0.10526,-0.060208
-0.044031,-0.069252,0.049807,0.14724,0.07541,-0.11002,-0.049519
-0.043989,-0.070312,0.052155,0.15408,0.066336,-0.11479,-0.03883
-0.043948,-0.071371,0.054503,0.16093,0.057262,-0.11956,-0.028141
-0.043906,-0.072431,0.056851,0.16777,0.048188,-0.12432,-0.017452
-0.043864,-0.07349,0.059198,0.17462,0.039114,-0.12909,-0.0067635
-0.043822,-0.074549,0.061546,0.18146,0.03004,-0.13386,0.0039255
-0.04378,-0.075609,0.063894,0.1883,0.020966,-0.13862,0.014614
-0.043738,-0.076668,0.066241,0.19515,0.011892,-0.14339,0.025303
-0.043697,-0.077728,0.068589,0.20199,0.0028174,-0.14816,0.035992
-0.043655,-0.078787,0.070937,0.20884,-0.0062567,-0.15292,0.046681
-0.043613,-0.079846,0.073284,0.21568,-0.015331,-0.15769,0.05737
-0.043571,-0.080906,0.075632,0.22252,-0.024405,-0.16246,0.068059
-0.043529,-0.081965,0.07798,0.22937,-0.033479,-0.16722,0.078748
-0.043487,-0.083024,0.080327,0.23621,-0.042553,-0.17199,0.089437
-0.015045,-0.079538,0.045092,0.21538,-0.0305,-0.15711,0.061049
0.013398,-0.076051,0.0098564,0.19454,-0.018446,-0.14223,0.032661
0.04184,-0.072564,-0.025379,0.1737,-0.0063923,-0.12736,0.0042726
0.070283,-0.069077,-0.060615,0.15287,0.0056613,-0.11248,-0.024116
0.098726,-0.065591,-0.09585,0.13203,0.017715,-0.097601,-0.052504
0.12717,-0.062104,-0.13109,0.1112,0.029769,-0.082723,-0.080892
0.15561,-0.058617,-0.16632,0.09036,0.041822,-0.067845,-0.10928
0.18405,-0.055131,-0.20156,0.069524,0.053876,-0.052967,-0.13767
0.2125,-0.051644,-0.23679,0.048688,0.065929,-0.03809,-0.16606
0.24094,-0.048157,-0.27203,0.027852,0.077983,-0.023212,-0.19444
0.26938,-0.04467,-0.30726,0.0070158,0.090037,-0.0083339,-0.22283
0.29782,-0.041184,-0.3425,-0.01382,0.10209,0.006544,-0.25122
0.32627,-0.037697,-0.37773,-0.034656,0.11414,0.021422,-0.27961
0.35471,-0.03421,-0.41297,-0.055492,0.1262,0.0363,-0.308
0.23366,-0.04148,-0.26213,0.04119,0.097484,-0.030864,-0.20868
0.11262,-0.04875,-0.11129,0.13787,0.068771,-0.098027,-0.10937
-0.0084315,-0.056021,0.039556,0.23456,0.040057,-0.16519,-0.010058
-0.12948,-0.063291,0.1904,0.33124,0.011344,-0.23235,0.089255
-0.25053,-0.070561,0.34124,0.42792,-0.017369,-0.29952,0.18857
-0.37157,-0.077831,0.49208,0.5246,-0.046083,-0.36668,0.28788
-0.49262,-0.085101,0.64292,0.62128,-0.074796,-0.43384,0.38719
-0.61367,-0.092372,0.79377,0.71797,-0.10351,-0.50101,0.48651
-0.73471,-0.099642,0.94461,0.81465,-0.13222,-0.56817,0.58582
-0.85576,-0.10691,1.0955,0.91133,-0.16094,-0.63534,0.68513
-0.97681,-0.11418,1.2463,1.008,-0.18965,-0.7025,0.78445
-1.0979,-0.12145,1.3971,1.1047,-0.21836,-0.76966,0.88376
-1.2189,-0.12872,1.548,1.2014,-0.24708,-0.83683,0.98307
-0.74978,-0.090621,0.96214,0.84424,-0.13727,-0.58522,0.59175
-0.28066,-0.052519,0.3763,0.48709,-0.027467,-0.33361,0.20044
0.18846,-0.014418,-0.20954,0.12995,0.082338,-0.082001,-0.19088
0.65758,0.023684,-0.79538,-0.22719,0.19214,0.16961,-0.5822
1.1267,0.061785,-1.3812,-0.58434,0.30195,0.42122,-0.97351
1.5958,0.099887,-1.9671,-0.94148,0.41175,0.67282,-1.3648
2.0649,0.13799,-2.5529,-1.2986,0.52156,0.92443,-1.7561
2.5341,0.17609,-3.1387,-1.6558,0.63136,1.176,-2.1475
3.0032,0.21419,-3.7246,-2.0129,0.74117,1.4276,-2.5388
3.4723,0.25229,-4.3104,-2.3701,0.85097,1.6793,-2.9301
3.9414,0.2904,-4.8963,-2.7272,0.96078,1.9309,-3.3214
4.4105,0.3285,-5.4821,-3.0843,1.0706,2.1825,-3.7127
4.8797,0.3666,-6.0679,-3.4415,1.1804,2.4341,-4.104
4.4138,0.336,-5.487,-3.0839,1.0583,2.1844,-3.71
3.948,0.30539,-4.906,-2.7262,0.93627,1.9347,-3.316
3.4821,0.27479,-4.3251,-2.3686,0.81422,1.6849,-2.9219
3.0163,0.24419,-3.7441,-2.011,0.69216,1.4352,-2.5279
2.5504,0.21359,-3.1632,-1.6534,0.5701,1.1855,-2.1338
2.0846,0.18298,-2.5822,-1.2957,0.44804,0.9358,-1.7398
1.6188,0.15238,-2.0013,-0.93812,0.32599,0.68609,-1.3457
1.1529,0.12178,-1.4203,-0.58049,0.20393,0.43637,-0.95168
0.68708,0.091177,-0.83939,-0.22287,0.081872,0.18666,-0.55763
0.22124,0.060575,-0.25844,0.13476,-0.040186,-0.063053,-0.16359
-0.2446,0.029973,0.32251,0.49238,-0.16224,-0.31277,0.23046
-0.71044,-0.00062969,0.90346,0.85,-0.2843,-0.56248,0.6245
-1.1763,-0.031232,1.4844,1.2076,-0.40636,-0.81219,1.0186
-1.0636,-0.028778,1.3453,1.1193,-0.36411,-0.75213,0.9158
-0.95085,-0.026324,1.2062,1.0311,-0.32186,-0.69207,0.81306
-0.83813,-0.02387,1.0671,0.94277,-0.27961,-0.632,0.71031
-0.72541,-0.021416,0.92803,0.85449,-0.23736,-0.57194,0.60756
-0.6127,-0.018962,0.78893,0.7662,-0.19511,-0.51188,0.50482
-0.49998,-0.016508,0.64983,0.67792,-0.15286,-0.45181,0.40207
-0.38726,-0.014054,0.51074,0.58963,-0.11061,-0.39175,0.29932
-0.27455,-0.0116,0.37164,0.50135,-0.068365,-0.33169,0.19658
-0.16183,-0.0091459,0.23254,0.41306,-0.026116,-0.27162,0.093829
-0.049115,-0.0066919,0.093447,0.32478,0.016134,-0.21156,-0.0089181
0.063601,-0.0042379,-0.04565,0.23649,0.058383,-0.1515,-0.11166
0.17632,-0.0017839,-0.18475,0.14821,0.10063,-0.091432,-0.21441
0.28903,0.00067011,-0.32384,0.059924,0.14288,-0.031368,-0.31716
0.40175,0.0031241,-0.46294,-0.02836,0.18513,0.028695,-0.41991
0.3809,-0.0021593,-0.43941,-0.0057586,0.11211,0.011969,-0.33598
0.36004,-0.0074426,-0.41588,0.016843,0.039085,-0.0047573,-0.25206
0.33919,-0.012726,-0.39236,0.039445,-0.033937,-0.021484,-0.16814
0.31833,-0.018009,-0.36883,0.062046,-0.10696,-0.03821,-0.08422
0.29748,-0.023293,-0.3453,0.084648,-0.17998,-0.054936,-0.00029804
0.27662,-0.028576,-0.32177,0.10725,-0.253,-0.071663,0.083623
0.25577,-0.03386,-0.29824,0.12985,-0.32603,-0.088389,0.16754
0.23492,-0.039143,-0.27472,0.15245,-0.39905,-0.10512,0.25147
0.21406,-0.044426,-0.25119,0.17505,-0.47207,-0.12184,0.33539
0.19321,-0.04971,-0.22766,0.19766,-0.54509,-0.13857,0.41931
0.17235,-0.054993,-0.20413,0.22026,-0.61812,-0.15529,0.50323
0.1515,-0.060276,-0.1806,0.24286,-0.69114,-0.17202,0.58715
0.13064,-0.06556,-0.15708,0.26546,-0.76416,-0.18875,0.67107
0.10979,-0.070843,-0.13355,0.28806,-0.83718,-0.20547,0.755
0.094929,-0.074428,-0.11516,0.2746,-0.72626,-0.19638,0.65304
0.08007,-0.078013,-0.096768,0.26114,-0.61535,-0.18728,0.55108
0.06521,-0.081598,-0.078378,0.24768,-0.50443,-0.17818,0.44912
0.05035,-0.085183,-0.059988,0.23422,-0.39351,-0.16909,0.34717
0.03549,-0.088768,-0.041598,0.22076,-0.28259,-0.15999,0.24521
0.02063,-0.092353,-0.023208,0.2073,-0.17167,-0.15089,0.14325
0.0057704,-0.095938,-0.0048181,0.19384,-0.060748,-0.1418,0.041296
-0.0090895,-0.099523,0.013572,0.18038,0.050171,-0.1327,-0.060661
-0.023949,-0.10311,0.031962,0.16691,0.16109,-0.1236,-0.16262
-0.038809,-0.10669,0.050352,0.15345,0.27201,-0.11451,-0.26458
-0.053669,-0.11028,0.068742,0.13999,0.38293,-0.10541,-0.36653
-0.068529,-0.11386,0.087132,0.12653,0.49385,-0.096312,-0.46849
-0.083389,-0.11745,0.10552,0.11307,0.60477,-0.087215,-0.57045
-0.098248,-0.12103,0.12391,0.09961,0.71569,-0.078119,-0.6724
-0.11311,-0.12462,0.1423,0.086149,0.82661,-0.069022,-0.77436
-0.086926,-0.12422,0.10808,0.097881,0.64954,-0.0782,-0.61862
-0.060743,-0.12382,0.073863,0.10961,0.47248,-0.087379,-0.46289
-0.034561,-0.12342,0.039644,0.12135,0.29541,-0.096557,-0.30715
-0.0083787,-0.12303,0.0054243,0.13308,0.11835,-0.10574,-0.15142
0.017804,-0.12263,-0.028795,0.14481,-0.058718,-0.11491,0.0043195
0.043986,-0.12223,-0.063015,0.15654,-0.23578,-0.12409,0.16006
0.070169,-0.12183,-0.097234,0.16828,-0.41285,-0.13327,0.31579
0.054342,-0.1241,-0.076455,0.16329,-0.33025,-0.13027,0.24178
0.038516,-0.12636,-0.055676,0.15831,-0.24764,-0.12727,0.16777
0.02269,-0.12862,-0.034898,0.15333,-0.16504,-0.12427,0.093753
0.006864,-0.13088,-0.014119,0.14835,-0.082439,-0.12127,0.01974
-0.0089621,-0.13315,0.0066601,0.14337,0.00016338,-0.11827,-0.054272
-0.024788,-0.13541,0.027439,0.13839,0.082766,-0.11527,-0.12829
-0.040614,-0.13767,0.048218,0.13341,0.16537,-0.11226,-0.2023
-0.027407,-0.14291,0.023422,0.13739,0.058,-0.11489,-0.1131
-0.014199,-0.14814,-0.0013746,0.14137,-0.049367,-0.11752,-0.023906
-0.00099096,-0.15338,-0.026171,0.14534,-0.15674,-0.12015,0.065291
0.012217,-0.15861,-0.050967,0.14932,-0.2641,-0.12279,0.15449
0.025425,-0.16385,-0.075763,0.1533,-0.37147,-0.12542,0.24368
0.038633,-0.16908,-0.10056,0.15728,-0.47884,-0.12805,0.33288
0.05184,-0.17432,-0.12536,0.16126,-0.58621,-0.13068,0.42207
0.027153,-0.17067,-0.083877,0.16147,-0.44445,-0.13253,0.30182
0.0024661,-0.16702,-0.042399,0.16168,-0.3027,-0.13439,0.18156
-0.022221,-0.16337,-0.00092124,0.16189,-0.16095,-0.13624,0.061297
-0.046908,-0.15972,0.040557,0.16209,-0.019193,-0.1381,-0.058962
-0.071595,-0.15607,0.082035,0.1623,0.12256,-0.13996,-0.17922
-0.096282,-0.15242,0.12351,0.16251,0.26431,-0.14181,-0.29948
-0.12097,-0.14877,0.16499,0.16272,0.40607,-0.14367,-0.41974
-0.095754,-0.1676,0.12011,0.15496,0.30109,-0.13638,-0.35228
-0.070539,-0.18642,0.075232,0.1472,0.19611,-0.12909,-0.28482
-0.045324,-0.20525,0.030352,0.13944,0.091126,-0.12179,-0.21736
-0.020109,-0.22407,-0.014528,0.13168,-0.013854,-0.1145,-0.14991
0.0051057,-0.24289,-0.059407,0.12393,-0.11883,-0.10721,-0.082448
0.030321,-0.26172,-0.10429,0.11617,-0.22382,-0.099918,-0.01499
-0.034359,-0.20953,0.0018995,0.17633,-0.17876,-0.1501,0.024654
-0.099039,-0.15734,0.10809,0.23649,-0.1337,-0.20028,0.064297
-0.16372,-0.10516,0.21427,0.29666,-0.088649,-0.25046,0.10394
-0.2284,-0.052971,0.32046,0.35682,-0.043594,-0.30064,0.14358
-0.29308,-0.00078442,0.42665,0.41698,0.0014612,-0.35083,0.18323
-0.35776,0.051402,0.53283,0.47714,0.046516,-0.40101,0.22287
-0.1377,-0.15684,0.17066,0.26797,-0.040379,-0.2266,-0.0093465
0.082359,-0.36508,-0.19151,0.058804,-0.12728,-0.05219,-0.24156
0.30242,-0.57333,-0.55368,-0.15037,-0.21417,0.12222,-0.47378
0.52248,-0.78157,-0.91586,-0.35954,-0.30107,0.29663,-0.706
0.74253,-0.98981,-1.278,-0.56871,-0.38796,0.47104,-0.93821
0.96259,-1.1981,-1.6402,-0.77788,-0.47486,0.64545,-1.1704
-0.064831,-0.24728,0.054609,0.21716,-0.092028,-0.18119,-0.088731
-1.0923,0.70349,1.7494,1.2122,0.2908,-1.0078,0.99297
-2.1197,1.6543,3.4442,2.2072,0.67364,-1.8345,2.0747
-3.1471,2.605,5.139,3.2023,1.0565,-2.6611,3.1564
-4.1745,3.5558,6.8338,4.1973,1.4393,-3.4877,4.2381
-3.5295,3.1592,5.8543,3.8477,1.3082,-3.1417,3.6169
-2.8845,2.7626,4.8747,3.498,1.1772,-2.7956,2.9958
-2.2395,2.3661,3.8951,3.1484,1.0461,-2.4496,2.3746
-1.5945,1.9695,2.9156,2.7987,0.91501,-2.1036,1.7535
-0.94949,1.5729,1.936,2.4491,0.78394,-1.7575,1.1324
-0.30449,1.1763,0.9564,2.0994,0.65287,-1.4115,0.51123
0.34052,0.7797,-0.023173,1.7498,0.5218,-1.0654,-0.10991
0.98553,0.38312,-1.0027,1.4001,0.39072,-0.71939,-0.73104
1.6305,-0.013472,-1.9823,1.0505,0.25965,-0.37335,-1.3522
2.2755,-0.41006,-2.9619,0.70086,0.12858,-0.027305,-1.9733
1.7411,-0.43193,-2.4129,0.092169,0.010729,0.35099,-1.5779
1.2067,-0.4538,-1.864,-0.51652,-0.10712,0.72928,-1.1825
0.6723,-0.47568,-1.3151,-1.1252,-0.22498,1.1076,-0.78708
0.13789,-0.49755,-0.7661,-1.7339,-0.34283,1.4859,-0.39167
-0.39653,-0.51942,-0.21715,-2.3426,-0.46068,1.8642,0.0037449
-0.93094,-0.54129,0.3318,-2.9513,-0.57853,2.2425,0.39916
-1.4654,-0.56316,0.88074,-3.56,-0.69639,2.6208,0.79457
-1.9998,-0.58504,1.4297,-4.1687,-0.81424,2.999,1.19
-2.5342,-0.60691,1.9786,-4.7773,-0.93209,3.3773,1.5854
-3.0686,-0.62878,2.5276,-5.386,-1.0499,3.7556,1.9808
-3.603,-0.65065,3.0765,-5.9947,-1.1678,4.1339,2.3762
-3.2547,-0.58795,2.7839,-5.3848,-1.0662,3.7167,2.1597
-2.9063,-0.52524,2.4912,-4.7749,-0.96459,3.2995,1.9431
-2.558,-0.46254,2.1985,-4.165,-0.86299,2.8823,1.7266
-2.2096,-0.39983,1.9058,-3.5551,-0.76139,2.4651,1.5101
-1.8613,-0.33712,1.6131,-2.9452,-0.65979,2.0479,1.2935
-1.5129,-0.27442,1.3205,-2.3352,-0.55819,1.6307,1.077
-1.1646,-0.21171,1.0278,-1.7253,-0.45659,1.2135,0.86046
-0.81624,-0.14901,0.73511,-1.1154,-0.35498,0.79632,0.64392
-0.46789,-0.086302,0.44243,-0.50549,-0.25338,0.37912,0.42739
-0.11954,-0.023597,0.14975,0.10442,-0.15178,-0.038081,0.21085
0.2288,0.039109,-0.14293,0.71434,-0.05018,-0.45528,-0.0056904
0.57715,0.10181,-0.43561,1.3242,0.051421,-0.87248,-0.22223
0.9255,0.16452,-0.72829,1.9342,0.15302,-1.2897,-0.43877
0.82428,0.14571,-0.64326,1.77,0.15511,-1.1788,-0.40808
0.72306,0.1269,-0.55823,1.6059,0.15719,-1.068,-0.37739
0.62184,0.10809,-0.47321,1.4417,0.15927,-0.95712,-0.3467
0.52062,0.089278,-0.38818,1.2776,0.16136,-0.84626,-0.31601
0.4194,0.070468,-0.30315,1.1134,0.16344,-0.73541,-0.28532
0.31818,0.051657,-0.21812,0.94929,0.16552,-0.62455,-0.25463
0.21696,0.032847,-0.1331,0.78515,0.16761,-0.51369,-0.22394
0.11574,0.014036,-0.048069,0.621,0.16969,-0.40284,-0.19326
0.014517,-0.0047739,0.036959,0.45686,0.17177,-0.29198,-0.16257
-0.086703,-0.023584,0.12199,0.29271,0.17386,-0.18113,-0.13188
-0.18792,-0.042395,0.20701,0.12857,0.17594,-0.07027,-0.10119
-0.28914,-0.061205,0.29204,-0.035579,0.17803,0.040586,-0.0705
-0.39036,-0.080016,0.37707,-0.19972,0.18011,0.15144,-0.039811
-0.49158,-0.098826,0.4621,-0.36387,0.18219,0.2623,-0.0091225
-0.40357,-0.095785,0.38256,-0.26018,0.12508,0.1896,0.011491
-0.31555,-0.092744,0.30303,-0.15648,0.067963,0.1169,0.032104
-0.22754,-0.089703,0.2235,-0.052786,0.010848,0.0442,0.052717
-0.13952,-0.086662,0.14397,0.050908,-0.046267,-0.0285,0.07333
-0.051503,-0.083621,0.064433,0.1546,-0.10338,-0.1012,0.093943
0.036513,-0.08058,-0.015099,0.2583,-0.1605,-0.1739,0.11456
0.12453,-0.077538,-0.094631,0.36199,-0.21761,-0.2466,0.13517
0.06964,-0.079928,-0.035668,0.32297,-0.10296,-0.22009,0.051518
0.014751,-0.082317,0.023295,0.28395,0.01169,-0.19357,-0.032132
-0.040138,-0.084707,0.082258,0.24493,0.12634,-0.16706,-0.11578
-0.095027,-0.087096,0.14122,0.2059,0.24099,-0.14055,-0.19943
-0.14992,-0.089486,0.20018,0.16688,0.35564,-0.11404,-0.28308
-0.2048,-0.091875,0.25915,0.12786,0.4703,-0.087525,-0.36673
-0.25969,-0.094265,0.31811,0.088836,0.58495,-0.061013,-0.45038
-0.14759,-0.097273,0.18427,0.11586,0.28769,-0.081586,-0.22161
-0.03549,-0.10028,0.050431,0.14289,-0.0095714,-0.10216,0.0071637
0.076611,-0.10329,-0.083409,0.16992,-0.30683,-0.12273,0.23594
0.18871,-0.1063,-0.21725,0.19695,-0.60409,-0.14331,0.46471
0.30081,-0.10931,-0.35109,0.22398,-0.90135,-0.16388,0.69349
0.41292,-0.11231,-0.48493,0.251,-1.1986,-0.18446,0.92226
0.52502,-0.11532,-0.61877,0.27803,-1.4959,-0.20503,1.151
0.3879,-0.1137,-0.45182,0.24346,-1.1068,-0.17995,0.85221
0.25078,-0.11208,-0.28488,0.20889,-0.71764,-0.15488,0.55338
0.11366,-0.11046,-0.11793,0.17432,-0.32853,-0.1298,0.25455
-0.023459,-0.10884,0.04901,0.13974,0.060586,-0.10472,-0.044278
-0.16058,-0.10722,0.21595,0.10517,0.4497,-0.079644,-0.34311
-0.2977,-0.10559,0.3829,0.070601,0.83881,-0.054567,-0.64193
-0.43482,-0.10397,0.54984,0.036029,1.2279,-0.02949,-0.94076
-0.57193,-0.10235,0.71679,0.0014571,1.617,-0.0044135,-1.2396
-0.47673,-0.10591,0.60292,0.021444,1.3489,-0.019874,-1.0291
-0.38153,-0.10947,0.48904,0.041431,1.0807,-0.035335,-0.8186
-0.28633,-0.11303,0.37517,0.061418,0.81259,-0.050796,-0.6081
-0.19112,-0.11658,0.2613,0.081404,0.54445,-0.066257,-0.39761
-0.09592,-0.12014,0.14743,0.10139,0.2763,-0.081718,-0.18711
-0.00071729,-0.1237,0.033561,0.12138,0.0081475,-0.097179,0.023381
0.094486,-0.12726,-0.08031,0.14136,-0.26,-0.11264,0.23388
0.18969,-0.13082,-0.19418,0.16135,-0.52815,-0.1281,0.44437
0.15267,-0.13373,-0.14431,0.1508,-0.3892,-0.1214,0.33554
0.11566,-0.13665,-0.094432,0.14024,-0.25026,-0.11471,0.22671
0.078642,-0.13956,-0.044557,0.12968,-0.11131,-0.10801,0.11788
0.041627,-0.14248,0.0053171,0.11913,0.027638,-0.10131,0.009047
0.0046112,-0.14539,0.055192,0.10857,0.16658,-0.094611,-0.099784
-0.032404,-0.14831,0.10507,0.098015,0.30553,-0.087914,-0.20862
-0.06942,-0.15122,0.15494,0.087459,0.44448,-0.081216,-0.31745
-0.10644,-0.15414,0.20482,0.076903,0.58343,-0.074518,-0.42628
-0.064847,-0.14872,0.1472,0.090314,0.41016,-0.083329,-0.28216
-0.023259,-0.14331,0.089582,0.10372,0.23689,-0.09214,-0.13804
0.018329,-0.13789,0.031965,0.11714,0.063615,-0.10095,0.0060837
0.059918,-0.13248,-0.025652,0.13055,-0.10965,-0.10976,0.1502
0.10151,-0.12706,-0.083269,0.14396,-0.28292,-0.11857,0.29432
0.14309,-0.12165,-0.14089,0.15737,-0.45619,-0.12738,0.43844
0.18468,-0.11623,-0.1985,0.17078,-0.62946,-0.13619,0.58257
0.22627,-0.11082,-0.25612,0.18419,-0.80273,-0.14501,0.72669
0.1786,-0.12175,-0.18184,0.16647,-0.54702,-0.13497,0.51606
0.13093,-0.13269,-0.10755,0.14875,-0.2913,-0.12493,0.30544
0.083259,-0.14363,-0.033267,0.13103,-0.035577,-0.11489,0.094822
0.035589,-0.15456,0.041017,0.11331,0.22014,-0.10485,-0.1158
-0.012082,-0.1655,0.1153,0.095592,0.47586,-0.094809,-0.32642
-0.059752,-0.17644,0.18958,0.077872,0.73158,-0.08477,-0.53704
-0.10742,-0.18738,0.26387,0.060153,0.9873,-0.074731,-0.74766
-0.087019,-0.18881,0.23357,0.0864,0.80498,-0.093852,-0.57555
-0.066616,-0.19025,0.20327,0.11265,0.62266,-0.11297,-0.40343
-0.046212,-0.19168,0.17297,0.13889,0.44034,-0.1321,-0.23132
-0.025808,-0.19312,0.14267,0.16514,0.25802,-0.15122,-0.0592
-0.0054048,-0.19455,0.11238,0.19139,0.075703,-0.17034,0.11292
0.014999,-0.19599,0.082078,0.21764,-0.10662,-0.18946,0.28503
0.035402,-0.19743,0.051779,0.24388,-0.28894,-0.20858,0.45715
0.11749,-0.16056,-0.056227,0.1986,-0.1933,-0.17083,0.28507
0.19958,-0.1237,-0.16423,0.15333,-0.097668,-0.13309,0.11299
0.28167,-0.086842,-0.27224,0.10805,-0.0020338,-0.095337,-0.059096
0.36376,-0.04998,-0.38024,0.062771,0.0936,-0.057589,-0.23118
0.44585,-0.013119,-0.48825,0.017493,0.18923,-0.019841,-0.40326
0.52794,0.023743,-0.59626,-0.027785,0.28487,0.017908,-0.57534
0.15818,-0.13744,-0.086003,0.15183,0.28667,-0.13647,-0.21363
-0.21158,-0.29862,0.42425,0.33144,0.28848,-0.29086,0.14808
-0.58134,-0.4598,0.9345,0.51105,0.29028,-0.44524,0.50978
-0.95111,-0.62098,1.4448,0.69067,0.29209,-0.59962,0.87149
-1.3209,-0.78216,1.955,0.87028,0.29389,-0.754,1.2332
-1.6906,-0.94334,2.4653,1.0499,0.2957,-0.90839,1.5949
0.08679,-0.17025,0.0028916,0.27995,-0.014897,-0.23452,0.16705
1.8642,0.60284,-2.4595,-0.49,-0.32549,0.43935,-1.2608
3.6416,1.3759,-4.9219,-1.2599,-0.63609,1.1132,-2.6887
5.4191,2.149,-7.3842,-2.0299,-0.94668,1.7871,-4.1165
7.1965,2.9221,-9.8466,-2.7998,-1.2573,2.4609,-5.5444
6.4542,2.6083,-8.8279,-2.4724,-1.1567,2.178,-4.932
5.7119,2.2945,-7.8092,-2.145,-1.0561,1.8951,-4.3196
4.9697,1.9807,-6.7905,-1.8176,-0.95557,1.6122,-3.7072
4.2274,1.6669,-5.7718,-1.4901,-0.85501,1.3293,-3.0948
3.4851,1.3531,-4.7531,-1.1627,-0.75444,1.0464,-2.4824
2.7428,1.0393,-3.7344,-0.83528,-0.65388,0.76351,-1.87
2.0005,0.72549,-2.7157,-0.50785,-0.55331,0.48061,-1.2576
1.2583,0.41169,-1.697,-0.18043,-0.45274,0.1977,-0.64518
0.51598,0.09789,-0.67831,0.147,-0.35218,-0.0852,-0.032785
-0.2263,-0.21591,0.34039,0.47443,-0.25161,-0.3681,0.57961
-0.96858,-0.52971,1.3591,0.80185,-0.15105,-0.65101,1.192
-1.7109,-0.84351,2.3778,1.1293,-0.05048,-0.93391,1.8044
-1.5231,-0.76976,2.1296,1.0344,-0.019825,-0.85676,1.6006
-1.3354,-0.69601,1.8813,0.93952,0.01083,-0.77961,1.3968
-1.1476,-0.62226,1.6331,0.84464,0.041485,-0.70245,1.1931
-0.95986,-0.54852,1.3849,0.74976,0.072141,-0.6253,0.98927
-0.77211,-0.47477,1.1367,0.65488,0.1028,-0.54814,0.78548
-0.58436,-0.40102,0.88844,0.56,0.13345,-0.47099,0.5817
-0.39661,-0.32727,0.64021,0.46512,0.16411,-0.39383,0.37791
-0.20886,-0.25352,0.39199,0.37024,0.19476,-0.31668,0.17413
-0.021109,-0.17977,0.14376,0.27535,0.22542,-0.23953,-0.02966
0.16664,-0.10602,-0.10446,0.18047,0.25607,-0.16237,-0.23345
0.35439,-0.032271,-0.35269,0.085594,0.28673,-0.085218,-0.43723
0.54214,0.041479,-0.60091,-0.009287,0.31738,-0.0080633,-0.64102
0.72989,0.11523,-0.84914,-0.10417,0.34804,0.069091,-0.8448
0.57286,0.06423,-0.66864,-0.032001,0.15913,0.016938,-0.53465
0.41584,0.013232,-0.48815,0.040165,-0.029778,-0.035215,-0.2245
0.25881,-0.037765,-0.30766,0.11233,-0.21869,-0.087368,0.085649
0.10178,-0.088763,-0.12717,0.1845,-0.40759,-0.13952,0.3958
-0.055244,-0.13976,0.053326,0.25666,-0.5965,-0.19167,0.70595
-0.21227,-0.19076,0.23382,0.32883,-0.78541,-0.24383,1.0161
-0.098962,-0.18626,0.14421,0.27717,-0.45446,-0.22131,0.63064
0.014346,-0.18177,0.054598,0.22552,-0.12352,-0.1988,0.24519
0.12766,-0.17728,-0.035012,0.17386,0.20743,-0.17629,-0.14027
0.24096,-0.17278,-0.12462,0.1222,0.53838,-0.15378,-0.52573
0.35427,-0.16829,-0.21423,0.070549,0.86932,-0.13126,-0.91119
0.46758,-0.16379,-0.30384,0.018892,1.2003,-0.10875,-1.2966
0.58089,-0.1593,-0.39345,-0.032764,1.5312,-0.086236,-1.6821
0.25788,-0.14576,-0.13452,0.058984,0.70494,-0.10755,-0.72244
-0.06512,-0.13223,0.12442,0.15073,-0.12133,-0.12887,0.23722
-0.38813,-0.11869,0.38335,0.24248,-0.94759,-0.15019,1.1969
-0.71113,-0.10516,0.64229,0.33423,-1.7739,-0.1715,2.1565
-1.0341,-0.091623,0.90122,0.42597,-2.6001,-0.19282,3.1162
-1.3571,-0.078088,1.1602,0.51772,-3.4264,-0.21414,4.0759
-1.6801,-0.064553,1.4191,0.60947,-4.2527,-0.23545,5.0355
-1.419,-0.072506,1.2066,0.53032,-3.5962,-0.21353,4.2653
-1.1579,-0.080459,0.99415,0.45117,-2.9397,-0.19161,3.495
-0.89671,-0.088411,0.78168,0.37203,-2.2832,-0.16968,2.7248
-0.63556,-0.096364,0.56921,0.29288,-1.6266,-0.14776,1.9545
-0.37442,-0.10432,0.35674,0.21373,-0.97014,-0.12583,1.1843
-0.11327,-0.11227,0.14428,0.13458,-0.31364,-0.10391,0.41402
0.14787,-0.12022,-0.068193,0.055437,0.34287,-0.081985,-0.35623
0.40902,-0.12818,-0.28066,-0.023711,0.99937,-0.060061,-1.1265
0.67016,-0.13613,-0.49313,-0.10286,1.6559,-0.038136,-1.8967
0.93131,-0.14408,-0.7056,-0.18201,2.3124,-0.016212,-2.667
1.1925,-0.15203,-0.91807,-0.26115,2.9689,0.0057124,-3.4372
1.4536,-0.15999,-1.1305,-0.3403,3.6254,0.027637,-4.2075
1.7147,-0.16794,-1.343,-0.41945,4.2819,0.049561,-4.9777
1.4442,-0.16418,-1.1305,-0.32457,3.5073,0.020378,-4.0942
1.1737,-0.16043,-0.91791,-0.2297,2.7326,-0.008806,-3.2107
0.90315,-0.15667,-0.70536,-0.13482,1.958,-0.037989,-2.3272
0.63262,-0.15292,-0.49281,-0.039947,1.1834,-0.067173,-1.4436
0.36209,-0.14916,-0.28027,0.054929,0.40872,-0.096356,-0.56011
0.091564,-0.14541,-0.067717,0.1498,-0.36591,-0.12554,0.32341
-0.17897,-0.14165,0.14483,0.24468,-1.1405,-0.15472,1.2069
-0.4495,-0.1379,0.35738,0.33955,-1.9152,-0.18391,2.0905
-0.36388,-0.15194,0.31261,0.282,-1.4371,-0.16978,1.5811
-0.27826,-0.16598,0.26783,0.22445,-0.95907,-0.15566,1.0717
-0.19264,-0.18002,0.22306,0.1669,-0.48101,-0.14153,0.56237
-0.10702,-0.19407,0.17829,0.10934,-0.0029569,-0.12741,0.053014
-0.021398,-0.20811,0.13352,0.051792,0.4751,-0.11328,-0.45635
0.064221,-0.22215,0.088743,-0.0057611,0.95316,-0.099155,-0.96571
0.14984,-0.23619,0.04397,-0.063314,1.4312,-0.08503,-1.4751
0.23546,-0.25024,-0.00080239,-0.12087,1.9093,-0.070905,-1.9844
0.15203,-0.22161,0.033133,-0.044976,1.24,-0.086691,-1.2924
0.068598,-0.19298,0.067068,0.030915,0.57075,-0.10248,-0.60028
-0.014833,-0.16435,0.101,0.10681,-0.09851,-0.11826,0.091798
-0.098264,-0.13572,0.13494,0.1827,-0.76777,-0.13405,0.78387
-0.18169,-0.10709,0.16887,0.25859,-1.437,-0.14984,1.476
-0.26513,-0.078463,0.20281,0.33448,-2.1063,-0.16562,2.168
-0.34856,-0.049834,0.23675,0.41037,-2.7756,-0.18141,2.8601
-0.43199,-0.021205,0.27068,0.48626,-3.4448,-0.1972,3.5522
-0.35955,-0.05328,0.24809,0.40529,-2.7413,-0.18053,2.8239
-0.28712,-0.085355,0.22551,0.32432,-2.0377,-0.16387,2.0956
-0.21468,-0.11743,0.20292,0.24335,-1.3342,-0.1472,1.3673
-0.14225,-0.14951,0.18033,0.16238,-0.63066,-0.13054,0.639
-0.06981,-0.18158,0.15775,0.081406,0.072874,-0.11387,-0.089289
0.0026258,-0.21366,0.13516,0.00043515,0.77641,-0.097207,-0.81758
0.075061,-0.24573,0.11257,-0.080536,1.4799,-0.080542,-1.5459
0.1475,-0.27781,0.089984,-0.16151,2.1835,-0.063877,-2.2742
0.21993,-0.30988,0.067397,-0.24248,2.887,-0.047211,-3.0025
0.29237,-0.34196,0.04481,-0.32345,3.5906,-0.030546,-3.7308
0.29001,-0.36093,0.010999,-0.21966,2.9765,-0.080714,-3.1598
0.28766,-0.3799,-0.022811,-0.11588,2.3625,-0.13088,-2.5888
0.2853,-0.39887,-0.056622,-0.012097,1.7484,-0.18105,-2.0178
0.28295,-0.41784,-0.090432,0.091687,1.1344,-0.23122,-1.4469
0.2806,-0.43681,-0.12424,0.19547,0.52034,-0.28139,-0.87588
0.27824,-0.45579,-0.15805,0.29925,-0.093702,-0.33155,-0.3049
0.27589,-0.47476,-0.19186,0.40304,-0.70775,-0.38172,0.26608
0.27353,-0.49373,-0.22567,0.50682,-1.3218,-0.43189,0.83706
-0.014626,-0.30277,0.059218,0.34053,-1.0048,-0.27639,0.7901
-0.30278,-0.11182,0.34411,0.17423,-0.68773,-0.1209,0.74314
-0.59094,0.079135,0.629,0.0079395,-0.3707,0.034602,0.69618
-0.8791,0.27009,0.91389,-0.15835,-0.053674,0.1901,0.64923
-1.1673,0.46104,1.1988,-0.32465,0.26335,0.3456,0.60227
-1.4554,0.652,1.4837,-0.49094,0.58038,0.50109,0.55531
-1.7436,0.84295,1.7686,-0.65724,0.89741,0.65659,0.50835
-0.63076,0.089232,0.74184,-0.112,0.63597,0.084008,-0.25961
0.48206,-0.66449,-0.28488,0.43323,0.37453,-0.48858,-1.0276
1.5949,-1.4182,-1.3116,0.97847,0.1131,-1.0612,-1.7955
2.7077,-2.1719,-2.3383,1.5237,-0.14834,-1.6337,-2.5635
3.8205,-2.9257,-3.365,2.0689,-0.40978,-2.2063,-3.3315
4.9333,-3.6794,-4.3918,2.6142,-0.67122,-2.7789,-4.0994
6.0462,-4.4331,-5.4185,3.1594,-0.93266,-3.3515,-4.8674
-1.57,0.71042,1.6167,-0.39392,-0.069512,0.47017,1.2622
-6.5428,4.0921,6.199,-2.7365,0.51055,2.9866,5.2644
-8.8722,5.7118,8.3285,-3.8685,0.80754,4.1978,7.1393
-8.5582,5.5698,8.0051,-3.7897,0.82144,4.1038,6.8869
-5.6008,3.6658,5.229,-2.5002,0.55226,2.7045,4.5071
