-0.53074,-0.65741,0.62019,-2.1528,-0.51372,3.1724,0.091237
-0.53063,-0.65733,0.62012,-2.1526,-0.51371,3.1723,0.091152
-0.52995,-0.65684,0.61965,-2.1517,-0.51363,3.1715,0.09059
-0.52822,-0.65557,0.61848,-2.1495,-0.51342,3.1694,0.089163
-0.52509,-0.65327,0.61635,-2.1453,-0.51303,3.1657,0.086578
-0.52033,-0.64976,0.61314,-2.1389,-0.51245,3.16,0.082642
-0.51383,-0.64492,0.60878,-2.1301,-0.51164,3.1522,0.077254
-0.5056,-0.63875,0.60329,-2.1189,-0.51062,3.1422,0.070413
-0.49578,-0.6313,0.5968,-2.1052,-0.50939,3.1301,0.062213
-0.48461,-0.62271,0.58949,-2.0894,-0.50798,3.1161,0.052845
-0.47247,-0.61322,0.58165,-2.0718,-0.50643,3.1006,0.042598
-0.45985,-0.60312,0.57365,-2.0528,-0.50479,3.0841,0.031855
-0.44736,-0.59281,0.56594,-2.0333,-0.50314,3.0672,0.021097
-0.43573,-0.58275,0.55907,-2.0139,-0.50155,3.0507,0.010901
-0.4257,-0.57346,0.55355,-1.9955,-0.50011,3.0353,0.001861
-0.41715,-0.56491,0.54924,-1.9783,-0.49879,3.021,-0.0061251
-0.40989,-0.55707,0.54594,-1.962,-0.49755,3.0079,-0.013212
-0.40372,-0.54988,0.54343,-1.9469,-0.49634,2.9958,-0.019553
-0.39845,-0.54331,0.5415,-1.9327,-0.49512,2.9848,-0.025303
-0.39388,-0.53732,0.53994,-1.9196,-0.49385,2.9748,-0.030617
-0.38981,-0.53185,0.53854,-1.9076,-0.49249,2.9658,-0.03565
-0.38605,-0.52688,0.53708,-1.8965,-0.49101,2.9577,-0.040554
-0.38242,-0.52235,0.53535,-1.8865,-0.48934,2.9505,-0.045486
-0.3787,-0.51822,0.53313,-1.8775,-0.48747,2.9442,-0.050599
-0.37471,-0.51446,0.53022,-1.8695,-0.48533,2.9387,-0.056047
-0.37025,-0.51101,0.52641,-1.8625,-0.4829,2.934,-0.061986
-0.36513,-0.50785,0.52148,-1.8565,-0.48013,2.9301,-0.068569
-0.35935,-0.50498,0.51542,-1.8516,-0.47707,2.9269,-0.075734
-0.35281,-0.50232,0.50821,-1.8476,-0.47368,2.9243,-0.083597
-0.3456,-0.49985,0.49994,-1.8443,-0.46997,2.9224,-0.092093
-0.33777,-0.49754,0.49073,-1.8417,-0.46599,2.9209,-0.10116
-0.32939,-0.49539,0.48068,-1.8397,-0.46176,2.9198,-0.11072
-0.32055,-0.49338,0.4699,-1.8382,-0.45731,2.9191,-0.12073
-0.3113,-0.49148,0.4585,-1.8371,-0.45267,2.9187,-0.13111
-0.30171,-0.48967,0.4466,-1.8364,-0.44786,2.9186,-0.1418
-0.29185,-0.48795,0.43429,-1.8359,-0.44291,2.9186,-0.15273
-0.2818,-0.48629,0.42169,-1.8355,-0.43786,2.9187,-0.16384
-0.27162,-0.48468,0.40891,-1.8352,-0.43273,2.9189,-0.17507
-0.26138,-0.4831,0.39605,-1.8348,-0.42755,2.919,-0.18635
-0.25114,-0.48152,0.38322,-1.8343,-0.42235,2.9191,-0.19761
-0.24098,-0.47993,0.37054,-1.8336,-0.41715,2.919,-0.20879
-0.23097,-0.47832,0.3581,-1.8326,-0.41199,2.9187,-0.21983
-0.22083,-0.47661,0.3456,-1.8312,-0.40672,2.9182,-0.23104
-0.21091,-0.47487,0.33346,-1.8294,-0.4015,2.9173,-0.24205
-0.20119,-0.47309,0.32164,-1.8273,-0.39632,2.9162,-0.25287
-0.19166,-0.47129,0.31013,-1.8248,-0.39117,2.9149,-0.26354
-0.18231,-0.46947,0.29889,-1.8221,-0.38604,2.9134,-0.27407
-0.17312,-0.46765,0.2879,-1.8191,-0.38092,2.9118,-0.28449
-0.16409,-0.46583,0.27713,-1.8159,-0.37578,2.91,-0.29481
-0.15519,-0.46402,0.26656,-1.8125,-0.37063,2.908,-0.30506
-0.14642,-0.46222,0.25615,-1.809,-0.36545,2.906,-0.31526
-0.13777,-0.46045,0.24588,-1.8054,-0.36022,2.9039,-0.32543
-0.12921,-0.45871,0.23572,-1.8018,-0.35493,2.9018,-0.33559
-0.12074,-0.45701,0.22565,-1.7981,-0.34958,2.8996,-0.34577
-0.11235,-0.45536,0.21564,-1.7944,-0.34414,2.8975,-0.35598
-0.10402,-0.45377,0.20565,-1.7908,-0.3386,2.8954,-0.36625
-0.095733,-0.45225,0.19567,-1.7872,-0.33296,2.8933,-0.3766
-0.087918,-0.45086,0.1862,-1.784,-0.32751,2.8914,-0.38649
-0.080132,-0.44953,0.17671,-1.7807,-0.32196,2.8896,-0.39646
-0.072371,-0.44823,0.1672,-1.7775,-0.31632,2.8878,-0.4065
-0.064634,-0.44694,0.15768,-1.7743,-0.31059,2.8859,-0.4166
-0.056918,-0.44566,0.14815,-1.771,-0.30478,2.8841,-0.42675
-0.049218,-0.44436,0.13861,-1.7676,-0.29891,2.8822,-0.43694
-0.041533,-0.44303,0.12906,-1.7641,-0.29297,2.8802,-0.44716
-0.03386,-0.44165,0.11951,-1.7603,-0.28698,2.8781,-0.45741
-0.026195,-0.44021,0.10997,-1.7564,-0.28094,2.8758,-0.46765
-0.018537,-0.43869,0.10042,-1.7522,-0.27486,2.8734,-0.4779
-0.010881,-0.43706,0.090879,-1.7476,-0.26876,2.8708,-0.48814
-0.0032252,-0.43533,0.081347,-1.7427,-0.26262,2.868,-0.49836
0.0044333,-0.43347,0.071824,-1.7374,-0.25648,2.865,-0.50855
0.012098,-0.43146,0.062315,-1.7317,-0.25032,2.8616,-0.51869
0.01977,-0.42929,0.052822,-1.7255,-0.24416,2.858,-0.52879
0.027455,-0.42694,0.043347,-1.7188,-0.23801,2.8541,-0.53882
0.035256,-0.42438,0.033764,-1.7114,-0.23179,2.8498,-0.54893
0.043058,-0.42166,0.024204,-1.7036,-0.22559,2.8452,-0.55896
0.05085,-0.41885,0.01467,-1.6955,-0.2194,2.8404,-0.56892
0.058616,-0.41599,0.0051629,-1.6872,-0.21323,2.8355,-0.57883
0.066346,-0.41313,-0.0043157,-1.6789,-0.20707,2.8306,-0.58867
0.074024,-0.41033,-0.013764,-1.6707,-0.20093,2.8257,-0.59845
0.081639,-0.40763,-0.02318,-1.6627,-0.19481,2.821,-0.60818
0.089177,-0.40509,-0.032562,-1.6551,-0.1887,2.8165,-0.61787
0.096625,-0.40276,-0.041908,-1.648,-0.18262,2.8124,-0.6275
0.10397,-0.40068,-0.051216,-1.6415,-0.17655,2.8086,-0.63709
0.1112,-0.39891,-0.060485,-1.6358,-0.1705,2.8053,-0.64664
0.1183,-0.3975,-0.069713,-1.631,-0.16448,2.8025,-0.65615
0.12526,-0.3965,-0.078898,-1.6273,-0.15847,2.8004,-0.66563
0.13206,-0.39596,-0.088039,-1.6247,-0.15248,2.799,-0.67508
0.1387,-0.39593,-0.097133,-1.6235,-0.14651,2.7985,-0.6845
0.14515,-0.39646,-0.10618,-1.6236,-0.14057,2.7988,-0.69389
0.15153,-0.39761,-0.11534,-1.6254,-0.13454,2.8001,-0.70344
0.15773,-0.39934,-0.12446,-1.6286,-0.12852,2.8023,-0.71297
0.16378,-0.40158,-0.13355,-1.6332,-0.12253,2.8053,-0.72251
0.16971,-0.40428,-0.14262,-1.6389,-0.11654,2.809,-0.73206
0.17555,-0.40737,-0.15168,-1.6456,-0.11055,2.8134,-0.74164
0.18131,-0.4108,-0.16074,-1.6532,-0.10457,2.8182,-0.75126
0.18703,-0.41451,-0.16981,-1.6614,-0.098588,2.8235,-0.76093
0.19274,-0.41843,-0.1789,-1.6701,-0.092598,2.8291,-0.77066
0.19845,-0.42251,-0.18802,-1.6792,-0.086597,2.8349,-0.78047
0.2042,-0.42668,-0.19719,-1.6884,-0.080581,2.8408,-0.79037
0.21,-0.4309,-0.20641,-1.6977,-0.074546,2.8467,-0.80036
0.2159,-0.43508,-0.21569,-1.7069,-0.068487,2.8525,-0.81047
0.22191,-0.43919,-0.22504,-1.7157,-0.062402,2.8582,-0.8207
0.22806,-0.44315,-0.23448,-1.7241,-0.056284,2.8635,-0.83107
0.23429,-0.44687,-0.24389,-1.7318,-0.050215,2.8685,-0.84145
0.24067,-0.45041,-0.25337,-1.7389,-0.044131,2.873,-0.85194
0.24718,-0.45378,-0.26292,-1.7456,-0.038051,2.8773,-0.86251
0.25381,-0.45701,-0.27252,-1.7518,-0.031995,2.8813,-0.87315
0.26056,-0.4601,-0.28215,-1.7575,-0.025982,2.885,-0.88381
0.26739,-0.46307,-0.29182,-1.7629,-0.020031,2.8885,-0.89448
0.27431,-0.46594,-0.30149,-1.768,-0.014162,2.8918,-0.90511
0.28129,-0.46872,-0.31116,-1.7728,-0.008395,2.8949,-0.91569
0.28833,-0.47143,-0.32082,-1.7773,-0.0027489,2.8979,-0.92617
0.29541,-0.47409,-0.33044,-1.7817,0.0027566,2.9008,-0.93655
0.30251,-0.4767,-0.34002,-1.7859,0.0081021,2.9036,-0.94677
0.30963,-0.4793,-0.34955,-1.7901,0.013268,2.9063,-0.95683
0.31674,-0.48189,-0.35901,-1.7942,0.018235,2.909,-0.96668
0.32384,-0.48448,-0.36838,-1.7983,0.022983,2.9117,-0.97629
0.33128,-0.48723,-0.37813,-1.8026,0.027722,2.9146,-0.98613
0.33874,-0.49003,-0.38786,-1.807,0.032229,2.9175,-0.99575
0.34629,-0.49288,-0.39762,-1.8114,0.036535,2.9204,-1.0052
0.35397,-0.49582,-0.40751,-1.8158,0.040673,2.9232,-1.0147
0.36185,-0.49886,-0.41759,-1.8201,0.044671,2.926,-1.0242
0.36998,-0.50201,-0.42795,-1.8243,0.048563,2.9288,-1.0337
0.37842,-0.50529,-0.43865,-1.8284,0.052378,2.9315,-1.0435
0.38723,-0.50873,-0.44977,-1.8323,0.056148,2.9341,-1.0535
0.39646,-0.51233,-0.46139,-1.8361,0.059904,2.9366,-1.0638
0.40617,-0.51612,-0.47359,-1.8397,0.063676,2.9389,-1.0746
0.41642,-0.52012,-0.48643,-1.8431,0.067496,2.9411,-1.0859
0.42726,-0.52434,-0.5,-1.8463,0.071394,2.9432,-1.0977
0.43876,-0.52879,-0.51437,-1.8491,0.075403,2.945,-1.1102
0.45033,-0.53327,-0.52883,-1.8515,0.079342,2.9466,-1.1228
0.4623,-0.5379,-0.5438,-1.8538,0.083348,2.948,-1.1357
0.47445,-0.54262,-0.55898,-1.8558,0.087359,2.9493,-1.1489
0.48653,-0.54735,-0.57407,-1.8577,0.091315,2.9505,-1.162
0.4983,-0.55202,-0.58879,-1.8596,0.095154,2.9517,-1.1748
0.50953,-0.55655,-0.60285,-1.8614,0.098814,2.9529,-1.1871
0.51999,-0.56086,-0.61594,-1.8633,0.10224,2.9541,-1.1987
0.52942,-0.56489,-0.62778,-1.8653,0.10536,2.9554,-1.2092
0.53761,-0.56856,-0.63808,-1.8674,0.10811,2.9568,-1.2185
0.5443,-0.57179,-0.64653,-1.8697,0.11045,2.9584,-1.2264
0.54927,-0.5745,-0.65286,-1.8722,0.1123,2.9601,-1.2325
0.55227,-0.57664,-0.65676,-1.8751,0.11361,2.962,-1.2367
0.55308,-0.57811,-0.65795,-1.8782,0.1143,2.9642,-1.2387
0.55134,-0.57889,-0.65601,-1.8821,0.11434,2.9668,-1.2382
0.54712,-0.57894,-0.65101,-1.8863,0.11368,2.9698,-1.2353
0.54071,-0.57833,-0.64331,-1.8908,0.11242,2.9729,-1.2302
0.5324,-0.57715,-0.63326,-1.8957,0.11062,2.9763,-1.2232
0.52247,-0.57549,-0.62123,-1.9007,0.10835,2.9798,-1.2146
0.51123,-0.57346,-0.60756,-1.9059,0.1057,2.9835,-1.2046
0.49895,-0.57112,-0.59263,-1.9111,0.10274,2.9871,-1.1936
0.48593,-0.56858,-0.57678,-1.9164,0.099531,2.9909,-1.1818
0.47246,-0.56593,-0.56038,-1.9217,0.09616,2.9946,-1.1695
0.45883,-0.56325,-0.54378,-1.9268,0.092698,2.9982,-1.157
0.44533,-0.56063,-0.52735,-1.9318,0.089219,3.0017,-1.1447
0.43224,-0.55817,-0.51143,-1.9365,0.085796,3.0051,-1.1326
0.42014,-0.55599,-0.49673,-1.9409,0.082582,3.0082,-1.1215
0.40864,-0.55402,-0.48278,-1.945,0.07948,3.0111,-1.1109
0.39767,-0.55225,-0.4695,-1.9489,0.076481,3.0139,-1.1009
0.38716,-0.55064,-0.45679,-1.9525,0.073572,3.0165,-1.0913
0.37706,-0.54919,-0.44459,-1.956,0.070743,3.019,-1.082
0.36728,-0.54788,-0.4328,-1.9592,0.067984,3.0213,-1.0731
0.35776,-0.54667,-0.42135,-1.9623,0.065282,3.0235,-1.0644
0.34844,-0.54556,-0.41015,-1.9652,0.062626,3.0256,-1.056
0.33925,-0.54452,-0.39912,-1.9679,0.060007,3.0276,-1.0477
0.33011,-0.54354,-0.38817,-1.9706,0.057412,3.0295,-1.0394
0.32096,-0.54259,-0.37723,-1.9731,0.054831,3.0313,-1.0312
0.31173,-0.54166,-0.3662,-1.9755,0.052253,3.0331,-1.023
0.30236,-0.54072,-0.35502,-1.9779,0.049666,3.0348,-1.0147
0.293,-0.53979,-0.34386,-1.9801,0.047117,3.0365,-1.0064
0.28346,-0.53883,-0.33248,-1.9823,0.044547,3.038,-0.99801
0.27374,-0.53787,-0.32091,-1.9844,0.041954,3.0396,-0.98949
0.26388,-0.5369,-0.30918,-1.9864,0.039335,3.0411,-0.98085
0.2539,-0.53592,-0.29729,-1.9884,0.036687,3.0425,-0.97211
0.2438,-0.53496,-0.28529,-1.9903,0.034009,3.0439,-0.96328
0.23361,-0.534,-0.27317,-1.9921,0.031298,3.0452,-0.95437
0.22334,-0.53305,-0.26098,-1.9938,0.028551,3.0465,-0.94538
0.21303,-0.53213,-0.24873,-1.9955,0.025766,3.0477,-0.93633
0.20268,-0.53124,-0.23644,-1.997,0.02294,3.0488,-0.92724
0.19231,-0.53037,-0.22413,-1.9985,0.020072,3.0499,-0.91809
0.18195,-0.52955,-0.21183,-1.9999,0.017159,3.0509,-0.90892
0.1716,-0.52877,-0.19956,-2.0012,0.014198,3.0519,-0.89972
0.1613,-0.52803,-0.18733,-2.0025,0.011187,3.0528,-0.89051
0.15141,-0.52737,-0.1756,-2.0035,0.008233,3.0536,-0.88162
0.14157,-0.52676,-0.16393,-2.0045,0.0052366,3.0543,-0.87273
0.13178,-0.5262,-0.15231,-2.0055,0.0022036,3.055,-0.86384
0.12203,-0.52568,-0.14074,-2.0063,-0.00085993,3.0556,-0.85496
0.11231,-0.52521,-0.12922,-2.007,-0.0039478,3.0561,-0.84609
0.10262,-0.52478,-0.11773,-2.0077,-0.007054,3.0566,-0.83722
0.092956,-0.5244,-0.10628,-2.0083,-0.010172,3.057,-0.82836
0.083313,-0.52405,-0.094846,-2.0088,-0.013297,3.0574,-0.81952
0.073684,-0.52375,-0.083436,-2.0092,-0.016421,3.0577,-0.8107
0.064066,-0.52348,-0.07204,-2.0096,-0.019539,3.058,-0.80189
0.054452,-0.52325,-0.060653,-2.0099,-0.022645,3.0582,-0.79311
0.044838,-0.52306,-0.049268,-2.0101,-0.025732,3.0584,-0.78434
0.035219,-0.5229,-0.03788,-2.0103,-0.028795,3.0585,-0.77561
0.02559,-0.52277,-0.026482,-2.0104,-0.031827,3.0586,-0.7669
0.015945,-0.52268,-0.01507,-2.0104,-0.034822,3.0586,-0.75822
0.0062779,-0.52262,-0.0036338,-2.0104,-0.037778,3.0585,-0.74957
-0.0034097,-0.52259,0.0078243,-2.0103,-0.040694,3.0585,-0.74094
-0.013117,-0.52259,0.019305,-2.0102,-0.043576,3.0583,-0.73234
-0.022845,-0.52262,0.03081,-2.0099,-0.046427,3.0582,-0.72376
-0.032593,-0.52269,0.04234,-2.0096,-0.049252,3.0579,-0.71519
-0.042362,-0.52278,0.053896,-2.0092,-0.052056,3.0576,-0.70663
-0.05215,-0.52292,0.065479,-2.0088,-0.054841,3.0573,-0.69807
-0.061958,-0.52308,0.07709,-2.0082,-0.057612,3.0569,-0.68951
-0.071787,-0.52329,0.088731,-2.0076,-0.060374,3.0564,-0.68095
-0.081636,-0.52352,0.1004,-2.0069,-0.06313,3.0559,-0.67237
-0.091504,-0.5238,0.1121,-2.0061,-0.065885,3.0552,-0.66377
-0.10139,-0.5241,0.12384,-2.0052,-0.068643,3.0546,-0.65516
-0.1113,-0.52445,0.13561,-2.0042,-0.071408,3.0538,-0.64651
-0.12123,-0.52483,0.14741,-2.0031,-0.074184,3.053,-0.63784
-0.13118,-0.52525,0.15925,-2.0018,-0.076975,3.0521,-0.62913
-0.14153,-0.52573,0.17158,-2.0005,-0.079892,3.0511,-0.62005
-0.15188,-0.52624,0.18393,-1.999,-0.082824,3.05,-0.61093
-0.16223,-0.52679,0.19628,-1.9974,-0.085765,3.0488,-0.6018
-0.17256,-0.52738,0.20862,-1.9957,-0.08871,3.0476,-0.59267
-0.18285,-0.52801,0.22093,-1.994,-0.091651,3.0463,-0.58355
-0.19309,-0.52866,0.2332,-1.9922,-0.094584,3.0449,-0.57446
-0.20327,-0.52935,0.2454,-1.9903,-0.097502,3.0436,-0.56541
-0.21338,-0.53006,0.25751,-1.9884,-0.1004,3.0422,-0.55641
-0.22339,-0.5308,0.26953,-1.9865,-0.10327,3.0407,-0.54748
-0.2333,-0.53157,0.28143,-1.9845,-0.10611,3.0393,-0.53863
-0.24309,-0.53236,0.2932,-1.9826,-0.10891,3.0378,-0.52987
-0.25274,-0.53318,0.30481,-1.9806,-0.11166,3.0363,-0.52123
-0.26225,-0.53401,0.31625,-1.9786,-0.11437,3.0349,-0.51271
-0.2716,-0.53486,0.32751,-1.9767,-0.11701,3.0334,-0.50433
-0.281,-0.53576,0.33884,-1.9747,-0.11967,3.0319,-0.4959
-0.29028,-0.53667,0.35004,-1.9727,-0.12226,3.0304,-0.48757
-0.2995,-0.53761,0.36118,-1.9706,-0.12483,3.0289,-0.4793
-0.30873,-0.53857,0.37234,-1.9684,-0.12737,3.0272,-0.47104
-0.31802,-0.53957,0.38359,-1.966,-0.12991,3.0255,-0.46273
-0.32744,-0.54061,0.39503,-1.9634,-0.13246,3.0236,-0.45432
-0.33706,-0.54169,0.40672,-1.9606,-0.13503,3.0215,-0.44576
-0.34693,-0.54281,0.41874,-1.9574,-0.13764,3.0192,-0.437
-0.35712,-0.54398,0.43117,-1.9538,-0.1403,3.0166,-0.42799
-0.36769,-0.5452,0.4441,-1.9499,-0.14303,3.0137,-0.41868
-0.37871,-0.54648,0.45759,-1.9454,-0.14584,3.0105,-0.40901
-0.39023,-0.54781,0.47173,-1.9404,-0.14876,3.0069,-0.39894
-0.40232,-0.54921,0.48659,-1.9349,-0.15178,3.003,-0.3884
-0.41438,-0.5506,0.50143,-1.9291,-0.15478,2.9988,-0.37793
-0.42679,-0.55203,0.51673,-1.9228,-0.15783,2.9944,-0.36718
-0.43933,-0.55349,0.53221,-1.9164,-0.1609,2.9898,-0.35634
-0.45178,-0.55496,0.54759,-1.9099,-0.16393,2.9851,-0.34559
-0.46393,-0.55641,0.56259,-1.9035,-0.16687,2.9806,-0.33511
-0.47555,-0.55783,0.57695,-1.8973,-0.16967,2.9762,-0.32508
-0.48641,-0.55921,0.59038,-1.8916,-0.17227,2.9722,-0.3157
-0.4963,-0.56052,0.6026,-1.8866,-0.17463,2.9686,-0.30715
-0.505,-0.56175,0.61335,-1.8823,-0.17669,2.9656,-0.29961
-0.51229,-0.56288,0.62235,-1.8789,-0.1784,2.9632,-0.29326
-0.51795,-0.56389,0.62932,-1.8767,-0.17972,2.9616,-0.28829
-0.52174,-0.56477,0.63399,-1.8757,-0.18058,2.9609,-0.28488
-0.52347,-0.56549,0.63607,-1.8762,-0.18093,2.9613,-0.28322
-0.52289,-0.56606,0.63529,-1.8784,-0.18073,2.9628,-0.28349
-0.52002,-0.56646,0.63167,-1.8822,-0.17998,2.9655,-0.28568
-0.51511,-0.5667,0.6255,-1.8874,-0.17874,2.9692,-0.28959
-0.50839,-0.5668,0.61709,-1.8939,-0.17708,2.9738,-0.29502
-0.5001,-0.56678,0.60674,-1.9013,-0.17506,2.9791,-0.30175
-0.4905,-0.56664,0.59475,-1.9097,-0.17275,2.985,-0.30959
-0.47982,-0.56641,0.58142,-1.9187,-0.1702,2.9914,-0.31833
-0.46829,-0.5661,0.56705,-1.9282,-0.16749,2.9982,-0.32777
-0.45617,-0.56572,0.55195,-1.938,-0.16467,3.0051,-0.3377
-0.44369,-0.5653,0.53642,-1.9479,-0.16181,3.0122,-0.34792
-0.4311,-0.56485,0.52075,-1.9577,-0.15896,3.0193,-0.35823
-0.41864,-0.56438,0.50524,-1.9673,-0.15621,3.0262,-0.36842
-0.40654,-0.56391,0.49021,-1.9765,-0.1536,3.0328,-0.37828
-0.39559,-0.56348,0.47661,-1.9846,-0.1513,3.0387,-0.38718
-0.38514,-0.56306,0.46364,-1.9922,-0.14918,3.0442,-0.39566
-0.37513,-0.56266,0.45123,-1.9994,-0.1472,3.0494,-0.40375
-0.3655,-0.56226,0.43931,-2.006,-0.14536,3.0543,-0.41152
-0.35622,-0.56188,0.42783,-2.0123,-0.14363,3.059,-0.419
-0.34722,-0.5615,0.41672,-2.0183,-0.14199,3.0634,-0.42625
-0.33846,-0.56114,0.40591,-2.0239,-0.14041,3.0676,-0.43331
-0.32987,-0.56077,0.39533,-2.0292,-0.1389,3.0717,-0.44023
-0.32141,-0.56042,0.38493,-2.0343,-0.13741,3.0755,-0.44706
-0.31303,-0.56007,0.37464,-2.0393,-0.13593,3.0793,-0.45384
-0.30467,-0.55972,0.36439,-2.044,-0.13445,3.0829,-0.46063
-0.29628,-0.55937,0.35412,-2.0487,-0.13294,3.0865,-0.46748
-0.28781,-0.55903,0.34376,-2.0533,-0.13138,3.09,-0.47442
-0.27921,-0.55868,0.33325,-2.0578,-0.12976,3.0936,-0.48151
-0.26994,-0.55831,0.32196,-2.0626,-0.12796,3.0973,-0.48918
-0.26048,-0.55795,0.31043,-2.0675,-0.12611,3.101,-0.49702
-0.25083,-0.55759,0.29869,-2.0723,-0.12424,3.1047,-0.505
-0.24101,-0.55723,0.28675,-2.0771,-0.12238,3.1084,-0.51306
-0.23102,-0.55689,0.27462,-2.0818,-0.12058,3.1121,-0.52116
-0.22088,-0.55656,0.26231,-2.0865,-0.11887,3.1158,-0.52927
-0.2106,-0.55624,0.24983,-2.0912,-0.1173,3.1194,-0.53733
-0.20018,-0.55594,0.23719,-2.0958,-0.11589,3.123,-0.5453
-0.18964,-0.55566,0.22442,-2.1003,-0.11469,3.1265,-0.55315
-0.17899,-0.5554,0.21151,-2.1047,-0.11373,3.13,-0.56082
-0.16824,-0.55517,0.19849,-2.109,-0.11305,3.1334,-0.56828
-0.1574,-0.55496,0.18536,-2.1132,-0.1127,3.1367,-0.57547
-0.14649,-0.55479,0.17214,-2.1173,-0.1127,3.1399,-0.58236
-0.1355,-0.55465,0.15884,-2.1212,-0.1131,3.143,-0.5889
-0.1245,-0.55455,0.14551,-2.125,-0.11391,3.1461,-0.59505
-0.11345,-0.55449,0.13213,-2.1286,-0.1151,3.149,-0.60086
-0.10236,-0.55447,0.11869,-2.1322,-0.1166,3.1518,-0.60639
-0.091232,-0.55449,0.10522,-2.1355,-0.11836,3.1545,-0.61169
-0.08008,-0.55455,0.091714,-2.1388,-0.12032,3.1571,-0.61681
-0.068911,-0.55466,0.078187,-2.1419,-0.12243,3.1597,-0.6218
-0.05773,-0.55481,0.064649,-2.145,-0.12462,3.1622,-0.62672
-0.046547,-0.55502,0.051108,-2.1479,-0.12685,3.1646,-0.63162
-0.035368,-0.55527,0.037574,-2.1507,-0.12905,3.1669,-0.63655
-0.024202,-0.55558,0.024057,-2.1535,-0.13117,3.1692,-0.64156
-0.013055,-0.55595,0.010565,-2.1562,-0.13315,3.1714,-0.64671
-0.0019364,-0.55637,-0.0028909,-2.1588,-0.13493,3.1735,-0.65205
0.0091473,-0.55685,-0.016302,-2.1613,-0.13646,3.1756,-0.65762
0.020188,-0.55739,-0.02966,-2.1638,-0.13767,3.1777,-0.6635
0.031178,-0.55799,-0.042953,-2.1663,-0.13852,3.1797,-0.66971
0.042961,-0.55871,-0.057202,-2.1688,-0.13899,3.1819,-0.67683
0.054691,-0.5595,-0.071386,-2.1713,-0.13907,3.184,-0.68432
0.066385,-0.56037,-0.085526,-2.1738,-0.13887,3.186,-0.69209
0.078059,-0.56131,-0.099642,-2.1762,-0.13849,3.188,-0.70003
0.089727,-0.56233,-0.11376,-2.1785,-0.13804,3.1899,-0.70807
0.10141,-0.56341,-0.12789,-2.1807,-0.13763,3.1917,-0.71611
0.11311,-0.56457,-0.14205,-2.1828,-0.13736,3.1935,-0.72405
0.12487,-0.56581,-0.15629,-2.1848,-0.13731,3.1952,-0.73183
0.13666,-0.56712,-0.17057,-2.1867,-0.13745,3.1968,-0.73947
0.14847,-0.5685,-0.18488,-2.1886,-0.13775,3.1984,-0.74701
0.16029,-0.56997,-0.19922,-2.1903,-0.13814,3.1999,-0.75449
0.17212,-0.5715,-0.21356,-2.1919,-0.13858,3.2013,-0.76196
0.18394,-0.57312,-0.2279,-2.1935,-0.13902,3.2026,-0.76946
0.19575,-0.57483,-0.24223,-2.195,-0.13941,3.2039,-0.77704
0.2074,-0.57659,-0.25635,-2.1964,-0.13972,3.205,-0.78463
0.21902,-0.57843,-0.27046,-2.1977,-0.14,3.2061,-0.79229
0.23064,-0.58036,-0.28458,-2.1989,-0.1403,3.2072,-0.79996
0.24226,-0.58238,-0.29871,-2.2,-0.14069,3.2082,-0.80759
0.25389,-0.58449,-0.31286,-2.2011,-0.14124,3.2091,-0.81513
0.26553,-0.5867,-0.32706,-2.202,-0.14201,3.2099,-0.82253
0.27719,-0.58901,-0.34133,-2.2029,-0.14306,3.2106,-0.82974
0.28861,-0.59136,-0.35532,-2.2036,-0.14438,3.2113,-0.83655
0.30004,-0.59381,-0.36935,-2.2043,-0.14596,3.2119,-0.8432
0.31147,-0.59634,-0.38341,-2.2049,-0.1477,3.2124,-0.84975
0.32289,-0.59897,-0.39747,-2.2054,-0.14953,3.2128,-0.85627
0.33429,-0.60169,-0.41151,-2.2058,-0.15138,3.2132,-0.86282
0.34564,-0.6045,-0.42551,-2.2061,-0.15315,3.2135,-0.86946
0.35694,-0.60738,-0.43943,-2.2063,-0.15478,3.2137,-0.87628
0.36956,-0.61073,-0.45497,-2.2064,-0.15637,3.2138,-0.88419
0.38211,-0.6142,-0.47043,-2.2064,-0.15774,3.2138,-0.89235
0.39461,-0.61779,-0.48583,-2.2063,-0.15898,3.2138,-0.90071
0.40709,-0.62153,-0.50122,-2.2062,-0.16015,3.2137,-0.90923
0.41954,-0.62543,-0.51661,-2.2059,-0.16134,3.2134,-0.91784
0.432,-0.6295,-0.53205,-2.2055,-0.1626,3.2131,-0.92652
0.44393,-0.63355,-0.54687,-2.2051,-0.16394,3.2128,-0.93483
0.45584,-0.63774,-0.56168,-2.2046,-0.1654,3.2123,-0.94313
0.46769,-0.64204,-0.57643,-2.2039,-0.16694,3.2118,-0.95139
0.47943,-0.6464,-0.59104,-2.203,-0.16855,3.211,-0.95958
0.49102,-0.65079,-0.60545,-2.2019,-0.17017,3.2101,-0.96768
0.50243,-0.65518,-0.61958,-2.2005,-0.1718,3.2089,-0.97566
0.5131,-0.65936,-0.63276,-2.199,-0.17333,3.2076,-0.98314
0.52369,-0.66363,-0.64584,-2.1972,-0.17489,3.2062,-0.99064
0.53433,-0.66811,-0.65903,-2.1955,-0.17652,3.2047,-0.99828
0.54514,-0.67293,-0.67254,-2.1938,-0.17828,3.2033,-1.0062
0.55626,-0.6782,-0.68659,-2.1923,-0.18021,3.202,-1.0145
0.56781,-0.68404,-0.70138,-2.1912,-0.18237,3.2011,-1.0234
0.58152,-0.69142,-0.71916,-2.1903,-0.18511,3.2003,-1.0342
0.59518,-0.69898,-0.73691,-2.1893,-0.18792,3.1994,-1.045
0.608,-0.70602,-0.75332,-2.1873,-0.19051,3.1977,-1.0551
0.61923,-0.71179,-0.76713,-2.1836,-0.19259,3.1947,-1.0636
0.62807,-0.7156,-0.77704,-2.1776,-0.19387,3.1896,-1.0698
0.63315,-0.71684,-0.78159,-2.1703,-0.19416,3.1836,-1.0726
0.6364,-0.71646,-0.78311,-2.161,-0.19377,3.1759,-1.0735
0.63816,-0.71464,-0.78211,-2.15,-0.19277,3.1667,-1.0729
0.63877,-0.7116,-0.77909,-2.1373,-0.19123,3.1563,-1.0711
0.63855,-0.70754,-0.77457,-2.1231,-0.18921,3.1448,-1.0684
0.63784,-0.70267,-0.76904,-2.1077,-0.1868,3.1324,-1.065
0.63697,-0.69719,-0.76303,-2.0912,-0.18404,3.1193,-1.0615
0.63628,-0.69131,-0.75702,-2.0738,-0.18101,3.1056,-1.0579
0.6361,-0.68523,-0.75153,-2.0557,-0.17779,3.0916,-1.0548
0.63676,-0.67915,-0.74707,-2.037,-0.17442,3.0773,-1.0523
0.63849,-0.67327,-0.74401,-2.018,-0.171,3.0631,-1.0508
0.64112,-0.66761,-0.7422,-1.999,-0.16757,3.0491,-1.0501
0.64437,-0.66218,-0.74134,-1.9802,-0.1642,3.0354,-1.05
0.64797,-0.657,-0.74116,-1.9621,-0.16094,3.0223,-1.0503
0.65163,-0.65208,-0.74138,-1.9448,-0.15786,3.01,-1.0508
0.65509,-0.64742,-0.74171,-1.9287,-0.15502,2.9986,-1.0513
0.65808,-0.64304,-0.74186,-1.9141,-0.15248,2.9884,-1.0516
0.6603,-0.63895,-0.74156,-1.9014,-0.15029,2.9795,-1.0515
0.6615,-0.63517,-0.74053,-1.8908,-0.14852,2.9722,-1.0508
0.6614,-0.63169,-0.73848,-1.8827,-0.14723,2.9666,-1.0493
0.65971,-0.62854,-0.73513,-1.8774,-0.14649,2.9629,-1.0467
0.6562,-0.62568,-0.7302,-1.875,-0.14632,2.9613,-1.0429
0.65097,-0.62314,-0.7238,-1.8755,-0.14672,2.9617,-1.038
0.64421,-0.62087,-0.7161,-1.8784,-0.14763,2.9638,-1.0321
0.63611,-0.61885,-0.70723,-1.8836,-0.14899,2.9674,-1.0252
0.62684,-0.61703,-0.69737,-1.8906,-0.15075,2.9723,-1.0176
0.61659,-0.6154,-0.68665,-1.8992,-0.15286,2.9783,-1.0093
0.60554,-0.61391,-0.67524,-1.9091,-0.15526,2.9852,-1.0004
0.59388,-0.61252,-0.66328,-1.9198,-0.1579,2.9926,-0.99104
0.5818,-0.61122,-0.65094,-1.9311,-0.16073,3.0005,-0.98135
0.56946,-0.60997,-0.63837,-1.9427,-0.16369,3.0087,-0.97145
0.55706,-0.60872,-0.62572,-1.9542,-0.16674,3.0167,-0.96143
0.54479,-0.60746,-0.61314,-1.9654,-0.16981,3.0246,-0.95142
0.53281,-0.60614,-0.60079,-1.9758,-0.17285,3.032,-0.94152
0.52154,-0.60477,-0.58906,-1.9851,-0.17576,3.0386,-0.93205
0.51068,-0.60333,-0.57765,-1.9935,-0.17858,3.0446,-0.92278
0.50019,-0.60183,-0.56653,-2.0011,-0.18133,3.0501,-0.9137
0.49001,-0.60027,-0.55564,-2.008,-0.184,3.0551,-0.9048
0.48009,-0.59867,-0.54494,-2.0142,-0.18658,3.0596,-0.89605
0.47038,-0.59704,-0.5344,-2.0199,-0.18909,3.0638,-0.88745
0.46083,-0.59537,-0.52397,-2.0251,-0.19151,3.0677,-0.87898
0.45139,-0.59369,-0.5136,-2.0299,-0.19385,3.0714,-0.87062
0.44201,-0.592,-0.50326,-2.0344,-0.1961,3.0748,-0.86235
0.43264,-0.59032,-0.4929,-2.0387,-0.19826,3.0781,-0.85417
0.42322,-0.58865,-0.48248,-2.0428,-0.20034,3.0812,-0.84606
0.41371,-0.587,-0.47195,-2.0468,-0.20233,3.0844,-0.83799
0.40406,-0.58537,-0.46128,-2.0509,-0.20423,3.0876,-0.82997
0.3942,-0.58379,-0.45042,-2.0551,-0.20604,3.0908,-0.82196
0.38354,-0.58218,-0.43871,-2.0596,-0.20785,3.0944,-0.81351
0.37266,-0.58061,-0.42679,-2.0643,-0.2096,3.098,-0.80505
0.3616,-0.5791,-0.41469,-2.0692,-0.21131,3.1018,-0.79657
0.35041,-0.57764,-0.40247,-2.074,-0.21301,3.1055,-0.78806
0.33914,-0.57623,-0.39017,-2.0788,-0.21473,3.1093,-0.77952
0.32785,-0.57486,-0.37784,-2.0835,-0.21652,3.1129,-0.77092
0.31657,-0.57354,-0.36551,-2.0881,-0.2184,3.1165,-0.76225
0.30491,-0.57222,-0.35273,-2.0927,-0.22046,3.1201,-0.75317
0.29328,-0.57094,-0.33998,-2.097,-0.22258,3.1236,-0.74406
0.28167,-0.56971,-0.32721,-2.1012,-0.2247,3.1269,-0.73497
0.27003,-0.56854,-0.31439,-2.1052,-0.22674,3.1301,-0.72595
0.25834,-0.56741,-0.30149,-2.1092,-0.22864,3.1333,-0.71705
0.24655,-0.56634,-0.28847,-2.113,-0.23032,3.1364,-0.70832
0.23464,-0.56533,-0.27528,-2.1167,-0.23171,3.1394,-0.69982
0.22217,-0.56434,-0.26146,-2.1205,-0.23282,3.1425,-0.69127
0.2096,-0.56342,-0.24752,-2.1242,-0.23375,3.1455,-0.68287
0.19701,-0.56256,-0.23355,-2.1279,-0.23468,3.1485,-0.67447
0.18448,-0.56177,-0.21963,-2.1314,-0.23581,3.1514,-0.66591
0.17206,-0.56104,-0.20585,-2.1348,-0.23734,3.1542,-0.65705
0.15984,-0.56039,-0.1923,-2.138,-0.23945,3.1569,-0.64774
0.14788,-0.55981,-0.17906,-2.1411,-0.24233,3.1595,-0.63782
0.13715,-0.55934,-0.1672,-2.1438,-0.24579,3.1617,-0.62808
0.12663,-0.55894,-0.15558,-2.1464,-0.24985,3.1639,-0.61787
0.11625,-0.55859,-0.14412,-2.1488,-0.25432,3.1659,-0.60735
0.10593,-0.55831,-0.13273,-2.1512,-0.25896,3.1679,-0.5967
0.095593,-0.55809,-0.1213,-2.1534,-0.26357,3.1699,-0.58606
0.085172,-0.55792,-0.10976,-2.1556,-0.26793,3.1718,-0.57562
0.074586,-0.55782,-0.09801,-2.1578,-0.27183,3.1736,-0.56553
0.063761,-0.55777,-0.085954,-2.16,-0.27505,3.1755,-0.55596
0.052767,-0.55778,-0.073669,-2.1621,-0.27742,3.1773,-0.54712
0.041515,-0.55785,-0.061058,-2.1642,-0.27906,3.1791,-0.53883
0.030057,-0.55797,-0.048183,-2.1663,-0.28011,3.1809,-0.53099
0.018445,-0.55816,-0.035106,-2.1683,-0.28073,3.1827,-0.52348
0.0067296,-0.5584,-0.021888,-2.1703,-0.28106,3.1844,-0.51618
-0.0050372,-0.55872,-0.0085902,-2.1723,-0.28124,3.1861,-0.50898
-0.016805,-0.5591,0.0047255,-2.1742,-0.28141,3.1878,-0.50176
-0.028521,-0.55955,0.017998,-2.176,-0.28172,3.1893,-0.49442
-0.040092,-0.56006,0.031118,-2.1777,-0.28228,3.1908,-0.48691
-0.051582,-0.56065,0.044162,-2.1794,-0.28305,3.1923,-0.47922
-0.06301,-0.56131,0.057155,-2.1809,-0.28395,3.1936,-0.4714
-0.074397,-0.56205,0.070124,-2.1824,-0.28491,3.195,-0.46353
-0.08576,-0.56286,0.083096,-2.1839,-0.28585,3.1962,-0.45565
-0.097122,-0.56375,0.096098,-2.1852,-0.28671,3.1974,-0.44782
-0.1085,-0.56472,0.10916,-2.1866,-0.2874,3.1986,-0.4401
-0.11992,-0.56577,0.1223,-2.1878,-0.28785,3.1997,-0.43255
-0.13112,-0.56687,0.13523,-2.189,-0.28802,3.2008,-0.42538
-0.14236,-0.56805,0.14824,-2.1902,-0.28798,3.2018,-0.41834
-0.1536,-0.5693,0.1613,-2.1913,-0.28782,3.2028,-0.41138
-0.16484,-0.57063,0.17438,-2.1924,-0.28763,3.2037,-0.40442
-0.17605,-0.57202,0.18744,-2.1933,-0.2875,3.2045,-0.39737
-0.18721,-0.57347,0.20046,-2.1942,-0.2875,3.2053,-0.39018
-0.19829,-0.57499,0.2134,-2.1951,-0.28774,3.2061,-0.38277
-0.20928,-0.57657,0.22625,-2.1958,-0.28831,3.2067,-0.37505
-0.22133,-0.57838,0.24034,-2.1965,-0.28936,3.2074,-0.36611
-0.23327,-0.58027,0.25432,-2.1971,-0.29076,3.208,-0.35684
-0.24513,-0.58225,0.26823,-2.1976,-0.29235,3.2084,-0.34739
-0.25693,-0.58431,0.28212,-2.1981,-0.29395,3.2089,-0.33787
-0.26871,-0.58647,0.29604,-2.1984,-0.29542,3.2092,-0.32842
-0.2805,-0.58874,0.31003,-2.1987,-0.29659,3.2095,-0.31918
-0.29233,-0.59111,0.32413,-2.199,-0.2973,3.2097,-0.31028
-0.30355,-0.59346,0.33759,-2.1992,-0.29744,3.2099,-0.30227
-0.31481,-0.59592,0.35118,-2.1993,-0.29714,3.21,-0.29458
-0.32612,-0.59848,0.36488,-2.1994,-0.29649,3.2101,-0.28711
-0.33745,-0.60115,0.37868,-2.1994,-0.29559,3.2101,-0.27978
-0.34879,-0.60392,0.39255,-2.1994,-0.29455,3.21,-0.27247
-0.36014,-0.6068,0.40649,-2.1992,-0.29347,3.2098,-0.26511
-0.37148,-0.6098,0.42048,-2.1989,-0.29245,3.2095,-0.25758
-0.38391,-0.61321,0.43588,-2.1984,-0.29148,3.2091,-0.24905
-0.39627,-0.61673,0.45124,-2.1978,-0.29064,3.2085,-0.24033
-0.4085,-0.62034,0.4665,-2.197,-0.28987,3.2079,-0.23153
-0.42053,-0.624,0.48157,-2.1962,-0.2891,3.2071,-0.22277
-0.43232,-0.6277,0.49638,-2.1954,-0.28827,3.2064,-0.21416
-0.4438,-0.6314,0.51086,-2.1945,-0.2873,3.2056,-0.20583
-0.4543,-0.63489,0.52415,-2.1937,-0.28624,3.2049,-0.19831
-0.46471,-0.63845,0.53738,-2.1928,-0.285,3.2041,-0.19092
-0.47524,-0.64219,0.55086,-2.1918,-0.28359,3.2031,-0.18344
-0.48611,-0.6462,0.5649,-2.1904,-0.28201,3.2018,-0.17566
-0.49755,-0.65059,0.5798,-2.1886,-0.28026,3.2002,-0.16736
-0.50978,-0.65543,0.59586,-2.1862,-0.27833,3.1982,-0.15833
-0.5245,-0.66146,0.61535,-2.183,-0.27599,3.1953,-0.14723
-0.53915,-0.66761,0.63485,-2.1795,-0.27365,3.1923,-0.13601
-0.5524,-0.6733,0.65249,-2.1764,-0.27156,3.1895,-0.12574
-0.5629,-0.67796,0.66641,-2.1743,-0.26996,3.1877,-0.1175
-0.56931,-0.68099,0.67476,-2.1737,-0.26906,3.1872,-0.11236
-0.57077,-0.68193,0.67643,-2.1746,-0.26899,3.188,-0.11107
-0.56918,-0.68164,0.67393,-2.1767,-0.26946,3.1898,-0.11211
-0.56489,-0.68026,0.66774,-2.1798,-0.27043,3.1926,-0.11519
-0.55825,-0.67795,0.65833,-2.1837,-0.27186,3.1961,-0.12002
-0.54962,-0.67485,0.6462,-2.1884,-0.27368,3.2002,-0.12632
-0.53933,-0.67111,0.63182,-2.1936,-0.27587,3.2048,-0.13379
-0.52775,-0.66688,0.61568,-2.1992,-0.27836,3.2098,-0.14215
-0.51522,-0.6623,0.59825,-2.2051,-0.28112,3.215,-0.1511
-0.5021,-0.65753,0.58002,-2.211,-0.28409,3.2203,-0.16035
-0.48873,-0.65272,0.56147,-2.2168,-0.28722,3.2256,-0.16962
-0.47548,-0.648,0.54308,-2.2225,-0.29048,3.2307,-0.17862
-0.46267,-0.64354,0.52533,-2.2277,-0.2938,3.2355,-0.18705
-0.45028,-0.63933,0.50815,-2.2326,-0.29725,3.24,-0.1949
-0.43865,-0.63552,0.49204,-2.237,-0.30071,3.244,-0.20194
-0.42769,-0.63204,0.47687,-2.2409,-0.30417,3.2477,-0.20829
-0.41729,-0.62888,0.46251,-2.2444,-0.3076,3.251,-0.21404
-0.40738,-0.62599,0.44884,-2.2475,-0.311,3.254,-0.2193
-0.39786,-0.62334,0.43574,-2.2502,-0.31434,3.2568,-0.22417
-0.38862,-0.6209,0.42309,-2.2527,-0.31762,3.2593,-0.22875
-0.37959,-0.61861,0.41076,-2.255,-0.32082,3.2616,-0.23313
-0.37065,-0.61645,0.39862,-2.2571,-0.32392,3.2637,-0.23743
-0.36173,-0.61438,0.38655,-2.259,-0.32691,3.2658,-0.24175
-0.35273,-0.61236,0.37443,-2.2608,-0.32977,3.2677,-0.24618
-0.34355,-0.61036,0.36214,-2.2627,-0.33248,3.2696,-0.25083
-0.3341,-0.60834,0.34955,-2.2645,-0.33504,3.2715,-0.2558
-0.32249,-0.60589,0.33415,-2.2666,-0.33787,3.2738,-0.26216
-0.31048,-0.6034,0.3183,-2.2689,-0.34058,3.2761,-0.2689
-0.29818,-0.60089,0.3021,-2.271,-0.34331,3.2783,-0.27579
-0.28571,-0.59841,0.28569,-2.2731,-0.3462,3.2805,-0.28262
-0.27316,-0.596,0.26919,-2.2751,-0.34937,3.2826,-0.28918
-0.26065,-0.59368,0.25272,-2.2769,-0.35296,3.2846,-0.29525
-0.24934,-0.59167,0.23783,-2.2784,-0.35665,3.2862,-0.30023
-0.2381,-0.58978,0.22302,-2.2797,-0.36061,3.2878,-0.30484
-0.22685,-0.58799,0.20825,-2.2808,-0.36464,3.2892,-0.30931
-0.21552,-0.5863,0.19345,-2.2819,-0.36855,3.2905,-0.31386
-0.20406,-0.58472,0.17858,-2.2829,-0.37215,3.2917,-0.31872
-0.19239,-0.58323,0.16359,-2.2838,-0.37525,3.2929,-0.32411
-0.18044,-0.58183,0.14842,-2.2847,-0.37765,3.2939,-0.33024
-0.16757,-0.58047,0.13227,-2.2857,-0.37933,3.295,-0.33761
-0.15454,-0.57919,0.11602,-2.2867,-0.38056,3.296,-0.34543
-0.14154,-0.578,0.099862,-2.2875,-0.38188,3.2969,-0.35311
-0.1288,-0.57689,0.083946,-2.2882,-0.38379,3.2978,-0.36001
-0.11651,-0.57585,0.068441,-2.2887,-0.38685,3.2985,-0.36554
-0.10488,-0.57486,0.053514,-2.2889,-0.39157,3.2991,-0.36906
-0.094121,-0.57392,0.039331,-2.2888,-0.39849,3.2995,-0.36998
-0.085422,-0.57313,0.027461,-2.2884,-0.40678,3.2998,-0.36825
-0.077439,-0.57237,0.0162,-2.2877,-0.41688,3.3,-0.36436
-0.070041,-0.57165,0.0054418,-2.2868,-0.42847,3.3001,-0.3587
-0.063096,-0.57098,-0.0049221,-2.2857,-0.44121,3.3001,-0.35168
-0.056471,-0.57035,-0.014999,-2.2844,-0.45477,3.3,-0.34366
-0.050035,-0.56978,-0.024895,-2.2831,-0.46883,3.2999,-0.33505
-0.043657,-0.56927,-0.034719,-2.2817,-0.48304,3.2997,-0.32623
-0.037204,-0.56881,-0.044577,-2.2802,-0.49708,3.2994,-0.31758
-0.030544,-0.56842,-0.054577,-2.2788,-0.51061,3.2992,-0.30951
-0.023547,-0.5681,-0.064826,-2.2774,-0.52331,3.2989,-0.3024
-0.016079,-0.56786,-0.07543,-2.2761,-0.53484,3.2986,-0.29663
-0.0080085,-0.56768,-0.086499,-2.2749,-0.54487,3.2983,-0.29259
0.00079538,-0.56759,-0.098138,-2.2739,-0.55307,3.298,-0.29068
0.01109,-0.56759,-0.11126,-2.2731,-0.55956,3.2977,-0.29126
0.022213,-0.56768,-0.12503,-2.2724,-0.56405,3.2975,-0.29419
0.034011,-0.56786,-0.13933,-2.2719,-0.56696,3.2972,-0.29897
0.046327,-0.56814,-0.15403,-2.2715,-0.56875,3.2969,-0.30508
0.059007,-0.5685,-0.16902,-2.271,-0.56986,3.2966,-0.31201
0.071894,-0.56894,-0.18416,-2.2706,-0.57073,3.2962,-0.31927
0.084834,-0.56947,-0.19935,-2.27,-0.57182,3.2957,-0.32635
0.097672,-0.57008,-0.21445,-2.2694,-0.57356,3.2952,-0.33273
0.11059,-0.57079,-0.22974,-2.2685,-0.57636,3.2945,-0.33816
0.12329,-0.57159,-0.24484,-2.2674,-0.58003,3.2938,-0.34264
0.13583,-0.57249,-0.25977,-2.2662,-0.58427,3.2929,-0.34647
0.14824,-0.5735,-0.27457,-2.2649,-0.5888,3.292,-0.34997
0.1606,-0.57463,-0.28927,-2.2636,-0.59334,3.2909,-0.35343
0.17294,-0.57588,-0.30388,-2.2622,-0.59759,3.2898,-0.35717
0.18532,-0.57727,-0.31844,-2.2608,-0.60127,3.2887,-0.36148
0.19779,-0.5788,-0.33298,-2.2594,-0.60408,3.2875,-0.36669
0.21017,-0.58044,-0.34727,-2.2582,-0.60583,3.2863,-0.37286
0.22265,-0.58222,-0.36154,-2.2569,-0.60687,3.285,-0.37979
0.23517,-0.58411,-0.37578,-2.2557,-0.60756,3.2837,-0.38707
0.24768,-0.58609,-0.38995,-2.2544,-0.60832,3.2823,-0.39429
0.26013,-0.58816,-0.40404,-2.2529,-0.60953,3.2808,-0.40106
0.27248,-0.59028,-0.41804,-2.2513,-0.61157,3.2792,-0.40697
0.28467,-0.59245,-0.43192,-2.2496,-0.61484,3.2775,-0.41161
0.29666,-0.59466,-0.44566,-2.2476,-0.61973,3.2758,-0.41458
0.30758,-0.59672,-0.45828,-2.2454,-0.62596,3.274,-0.41561
0.31832,-0.5988,-0.47078,-2.2431,-0.63356,3.2722,-0.41521
0.32891,-0.60093,-0.48317,-2.2407,-0.64219,3.2703,-0.41376
0.3394,-0.60312,-0.49545,-2.2381,-0.65149,3.2683,-0.41163
0.34982,-0.60539,-0.50765,-2.2354,-0.66111,3.2662,-0.40917
0.3602,-0.60774,-0.51976,-2.2326,-0.67069,3.2641,-0.40675
0.37058,-0.61021,-0.53181,-2.2299,-0.67988,3.2619,-0.40475
0.381,-0.61279,-0.54379,-2.2272,-0.68832,3.2597,-0.40353
0.39149,-0.61552,-0.55574,-2.2246,-0.69567,3.2575,-0.40345
0.4021,-0.61841,-0.56765,-2.2222,-0.70156,3.2552,-0.40488
0.41297,-0.6215,-0.57968,-2.2198,-0.7058,3.2529,-0.40813
0.42399,-0.62477,-0.5917,-2.2176,-0.7085,3.2505,-0.41301
0.43517,-0.62825,-0.60374,-2.2154,-0.70999,3.2481,-0.41922
0.44649,-0.63193,-0.6158,-2.2132,-0.71057,3.2456,-0.42647
0.45795,-0.63582,-0.62791,-2.211,-0.71057,3.243,-0.43446
0.46956,-0.63994,-0.64009,-2.2086,-0.71031,3.2402,-0.44291
0.48131,-0.64429,-0.65234,-2.2061,-0.71009,3.2372,-0.45152
0.49321,-0.64889,-0.6647,-2.2035,-0.71023,3.2341,-0.45998
0.5062,-0.65413,-0.67816,-2.2003,-0.71107,3.2305,-0.46871
0.51918,-0.65955,-0.69159,-2.1969,-0.71251,3.2267,-0.47697
0.53199,-0.66504,-0.7048,-2.1934,-0.71436,3.2228,-0.48477
0.54443,-0.67048,-0.71764,-2.1899,-0.71644,3.2189,-0.49216
0.55635,-0.67576,-0.72993,-2.1865,-0.71855,3.2152,-0.49915
0.56756,-0.68076,-0.7415,-2.1833,-0.7205,3.2117,-0.50579
0.5779,-0.68537,-0.75217,-2.1804,-0.7221,3.2085,-0.51208
0.58677,-0.68931,-0.76134,-2.178,-0.72317,3.2057,-0.51778
0.59531,-0.69322,-0.77011,-2.1756,-0.72389,3.203,-0.52362
0.60411,-0.69747,-0.77904,-2.173,-0.72442,3.2001,-0.53
0.61376,-0.70248,-0.78866,-2.1699,-0.72489,3.1966,-0.53734
0.62484,-0.70864,-0.79953,-2.166,-0.72543,3.1922,-0.54604
0.63796,-0.71636,-0.81219,-2.1609,-0.7262,3.1866,-0.55651
0.65369,-0.72604,-0.82718,-2.1545,-0.72732,3.1796,-0.56916
0.67376,-0.73875,-0.84611,-2.146,-0.729,3.1703,-0.58531
0.69295,-0.7511,-0.86413,-2.1376,-0.73075,3.1612,-0.60075
0.70806,-0.76091,-0.87828,-2.1309,-0.73218,3.154,-0.61291
0.71759,-0.76712,-0.88718,-2.1267,-0.7331,3.1494,-0.62058
0.72174,-0.76984,-0.89106,-2.1248,-0.73351,3.1474,-0.62392
