-0.89882,-0.37315,0.92636,-1.8044,-0.96669,3.1497,-0.30839
-0.89881,-0.37314,0.92635,-1.8044,-0.96669,3.1497,-0.30839
-0.89876,-0.37312,0.92633,-1.8043,-0.96666,3.1497,-0.30845
-0.89863,-0.37304,0.92626,-1.8043,-0.96658,3.1496,-0.3086
-0.89838,-0.37289,0.92613,-1.8041,-0.96643,3.1494,-0.30889
-0.89798,-0.37266,0.92592,-1.8039,-0.96619,3.1492,-0.30936
-0.8974,-0.37231,0.92561,-1.8036,-0.96584,3.1487,-0.31004
-0.89661,-0.37184,0.9252,-1.8031,-0.96536,3.1482,-0.31097
-0.89557,-0.37123,0.92466,-1.8025,-0.96474,3.1474,-0.31217
-0.89428,-0.37046,0.92398,-1.8017,-0.96396,3.1465,-0.31368
-0.89271,-0.36953,0.92316,-1.8008,-0.96301,3.1454,-0.31553
-0.89083,-0.36841,0.92218,-1.7997,-0.96188,3.1441,-0.31772
-0.88865,-0.36711,0.92105,-1.7984,-0.96055,3.1425,-0.32029
-0.88613,-0.3656,0.91974,-1.7969,-0.95903,3.1407,-0.32324
-0.88329,-0.3639,0.91827,-1.7952,-0.95731,3.1386,-0.32659
-0.88009,-0.36198,0.91662,-1.7933,-0.95537,3.1363,-0.33035
-0.87655,-0.35985,0.9148,-1.7912,-0.95323,3.1337,-0.33452
-0.87266,-0.3575,0.9128,-1.7888,-0.95087,3.1309,-0.33912
-0.86842,-0.35493,0.91063,-1.7862,-0.94829,3.1277,-0.34413
-0.86384,-0.35215,0.90828,-1.7833,-0.94551,3.1244,-0.34955
-0.85892,-0.34916,0.90578,-1.7803,-0.94251,3.1207,-0.35539
-0.85367,-0.34595,0.90311,-1.777,-0.93932,3.1168,-0.36163
-0.84811,-0.34254,0.9003,-1.7735,-0.93592,3.1127,-0.36825
-0.84224,-0.33893,0.89734,-1.7697,-0.93234,3.1082,-0.37525
-0.83608,-0.33513,0.89426,-1.7657,-0.92858,3.1036,-0.38261
-0.82966,-0.33115,0.89105,-1.7615,-0.92465,3.0987,-0.3903
-0.823,-0.327,0.88775,-1.7571,-0.92056,3.0936,-0.39831
-0.81612,-0.32269,0.88435,-1.7525,-0.91634,3.0883,-0.4066
-0.80905,-0.31823,0.88088,-1.7477,-0.91199,3.0828,-0.41515
-0.80182,-0.31366,0.87736,-1.7428,-0.90754,3.0771,-0.42391
-0.79447,-0.30897,0.8738,-1.7376,-0.90299,3.0713,-0.43287
-0.78702,-0.30418,0.87023,-1.7323,-0.89838,3.0654,-0.44196
-0.77953,-0.29933,0.86667,-1.7269,-0.89373,3.0593,-0.45117
-0.77203,-0.29443,0.86315,-1.7213,-0.88906,3.0531,-0.46043
-0.76456,-0.2895,0.85969,-1.7157,-0.88439,3.0469,-0.46971
-0.75717,-0.28456,0.85631,-1.7099,-0.87976,3.0407,-0.47894
-0.74991,-0.27965,0.85305,-1.7041,-0.87518,3.0345,-0.48808
-0.74284,-0.27479,0.84994,-1.6983,-0.8707,3.0282,-0.49707
-0.736,-0.27001,0.84701,-1.6924,-0.86635,3.0221,-0.50584
-0.72946,-0.26534,0.84429,-1.6865,-0.86215,3.016,-0.51434
-0.72325,-0.2608,0.84181,-1.6807,-0.85812,3.0101,-0.52254
-0.71738,-0.25639,0.83956,-1.6748,-0.85428,3.0043,-0.5304
-0.71185,-0.25212,0.83754,-1.669,-0.85061,2.9986,-0.53795
-0.70664,-0.24799,0.83573,-1.6632,-0.84711,2.9931,-0.5452
-0.70174,-0.24399,0.83413,-1.6575,-0.84375,2.9876,-0.55216
-0.69714,-0.24013,0.83273,-1.6518,-0.84055,2.9824,-0.55884
-0.69283,-0.23639,0.83151,-1.6462,-0.83747,2.9772,-0.56526
-0.6888,-0.23278,0.83046,-1.6407,-0.83451,2.9722,-0.57143
-0.68503,-0.22929,0.82957,-1.6351,-0.83167,2.9673,-0.57736
-0.68152,-0.22593,0.82883,-1.6297,-0.82893,2.9625,-0.58308
-0.67825,-0.22269,0.82824,-1.6243,-0.82628,2.9579,-0.58858
-0.67521,-0.21956,0.82777,-1.619,-0.82371,2.9534,-0.59389
-0.67238,-0.21655,0.82742,-1.6138,-0.82121,2.9491,-0.59902
-0.66977,-0.21365,0.82718,-1.6086,-0.81877,2.9448,-0.60399
-0.66735,-0.21086,0.82704,-1.6035,-0.81638,2.9407,-0.6088
-0.66512,-0.20818,0.82698,-1.5985,-0.81403,2.9368,-0.61347
-0.66306,-0.2056,0.827,-1.5936,-0.81171,2.9329,-0.61801
-0.66116,-0.20313,0.82708,-1.5888,-0.80941,2.9292,-0.62244
-0.65941,-0.20075,0.82722,-1.5841,-0.80712,2.9256,-0.62677
-0.6578,-0.19848,0.82739,-1.5795,-0.80483,2.9221,-0.63102
-0.65631,-0.1963,0.8276,-1.575,-0.80253,2.9188,-0.6352
-0.65494,-0.19422,0.82783,-1.5706,-0.8002,2.9156,-0.63931
-0.65367,-0.19222,0.82807,-1.5663,-0.79785,2.9125,-0.64339
-0.65249,-0.19032,0.8283,-1.5622,-0.79545,2.9096,-0.64743
-0.6514,-0.1885,0.82853,-1.5581,-0.79299,2.9068,-0.65146
-0.65037,-0.18677,0.82873,-1.5542,-0.79048,2.9041,-0.65548
-0.6494,-0.18511,0.8289,-1.5504,-0.78789,2.9015,-0.65951
-0.64847,-0.18354,0.82902,-1.5467,-0.78522,2.8991,-0.66356
-0.64758,-0.18204,0.82909,-1.5432,-0.78245,2.8968,-0.66766
-0.6467,-0.18062,0.82909,-1.5398,-0.77958,2.8946,-0.6718
-0.64584,-0.17927,0.82902,-1.5366,-0.7766,2.8925,-0.67601
-0.64498,-0.178,0.82885,-1.5335,-0.77349,2.8906,-0.6803
-0.64412,-0.1768,0.8286,-1.5306,-0.7703,2.8888,-0.68459
-0.64325,-0.17568,0.82825,-1.5279,-0.76699,2.8871,-0.68898
-0.64237,-0.17461,0.8278,-1.5253,-0.76355,2.8856,-0.69345
-0.64148,-0.17361,0.82727,-1.5228,-0.75999,2.8842,-0.69801
-0.64057,-0.17267,0.82665,-1.5205,-0.7563,2.8828,-0.70265
-0.63966,-0.17178,0.82593,-1.5183,-0.7525,2.8816,-0.70737
-0.63873,-0.17095,0.82513,-1.5162,-0.74858,2.8805,-0.71217
-0.63779,-0.17018,0.82425,-1.5143,-0.74455,2.8795,-0.71705
-0.63684,-0.16946,0.82328,-1.5124,-0.7404,2.8786,-0.72201
-0.63588,-0.16879,0.82223,-1.5107,-0.73614,2.8778,-0.72705
-0.63491,-0.16818,0.8211,-1.5091,-0.73177,2.8771,-0.73216
-0.63393,-0.16761,0.81989,-1.5076,-0.7273,2.8765,-0.73734
-0.63294,-0.16709,0.8186,-1.5063,-0.72272,2.8759,-0.74259
-0.63194,-0.16662,0.81723,-1.505,-0.71804,2.8755,-0.74792
-0.63094,-0.1662,0.81579,-1.5039,-0.71326,2.8751,-0.75331
-0.62992,-0.16582,0.81428,-1.5028,-0.70838,2.8749,-0.75877
-0.62889,-0.16548,0.81269,-1.5018,-0.70341,2.8747,-0.7643
-0.62786,-0.16518,0.81103,-1.501,-0.69835,2.8746,-0.7699
-0.62682,-0.16493,0.80931,-1.5002,-0.69319,2.8745,-0.77555
-0.62577,-0.16471,0.80751,-1.4995,-0.68794,2.8746,-0.78127
-0.62471,-0.16453,0.80565,-1.4989,-0.68261,2.8747,-0.78705
-0.62364,-0.16439,0.80373,-1.4983,-0.6772,2.8749,-0.79289
-0.62257,-0.16428,0.80174,-1.4979,-0.6717,2.8751,-0.79879
-0.62149,-0.1642,0.79969,-1.4975,-0.66612,2.8754,-0.80474
-0.6204,-0.16416,0.79758,-1.4972,-0.66046,2.8758,-0.81075
-0.6193,-0.16414,0.79541,-1.497,-0.65473,2.8762,-0.81682
-0.6182,-0.16416,0.79318,-1.4968,-0.64892,2.8767,-0.82293
-0.6171,-0.1642,0.7909,-1.4967,-0.64305,2.8772,-0.8291
-0.61598,-0.16427,0.78856,-1.4967,-0.6371,2.8778,-0.83532
-0.61486,-0.16436,0.78617,-1.4967,-0.63109,2.8784,-0.84158
-0.61374,-0.16448,0.78373,-1.4967,-0.62501,2.8791,-0.84789
-0.61261,-0.16461,0.78124,-1.4969,-0.61887,2.8798,-0.85425
-0.61147,-0.16477,0.77869,-1.497,-0.61267,2.8806,-0.86065
-0.61033,-0.16495,0.77611,-1.4972,-0.60641,2.8814,-0.8671
-0.60919,-0.16515,0.77347,-1.4975,-0.6001,2.8822,-0.87358
-0.60804,-0.16536,0.77079,-1.4977,-0.59373,2.8831,-0.88011
-0.60688,-0.16558,0.76807,-1.4981,-0.58731,2.884,-0.88668
-0.60573,-0.16582,0.76531,-1.4984,-0.58084,2.8849,-0.89328
-0.60456,-0.16608,0.76251,-1.4988,-0.57432,2.8859,-0.89991
-0.6034,-0.16634,0.75967,-1.4992,-0.56776,2.8868,-0.90659
-0.60223,-0.16661,0.75679,-1.4996,-0.56115,2.8878,-0.91329
-0.60106,-0.16689,0.75388,-1.5001,-0.5545,2.8889,-0.92003
-0.59988,-0.16718,0.75093,-1.5005,-0.54782,2.8899,-0.9268
-0.59871,-0.16747,0.74796,-1.501,-0.5411,2.8909,-0.93359
-0.59753,-0.16777,0.74495,-1.5015,-0.53434,2.892,-0.94041
-0.59635,-0.16806,0.74191,-1.502,-0.52756,2.893,-0.94726
-0.59516,-0.16836,0.73884,-1.5025,-0.52074,2.8941,-0.95414
-0.59398,-0.16866,0.73575,-1.5029,-0.51389,2.8952,-0.96104
-0.59279,-0.16896,0.73263,-1.5034,-0.50702,2.8963,-0.96795
-0.5916,-0.16925,0.72948,-1.5039,-0.50013,2.8973,-0.97489
-0.59041,-0.16954,0.72632,-1.5044,-0.49322,2.8984,-0.98185
-0.58922,-0.16983,0.72313,-1.5049,-0.48628,2.8994,-0.98883
-0.58803,-0.1701,0.71993,-1.5053,-0.47933,2.9005,-0.99582
-0.58684,-0.17037,0.71671,-1.5057,-0.47237,2.9015,-1.0028
-0.58565,-0.17062,0.71347,-1.5061,-0.46539,2.9026,-1.0099
-0.58445,-0.17087,0.71022,-1.5065,-0.4584,2.9036,-1.0169
-0.58326,-0.1711,0.70695,-1.5069,-0.45141,2.9045,-1.0239
-0.58207,-0.17132,0.70367,-1.5072,-0.44441,2.9055,-1.031
-0.58088,-0.17152,0.70038,-1.5075,-0.4374,2.9065,-1.038
-0.57969,-0.1717,0.69709,-1.5077,-0.4304,2.9074,-1.0451
-0.57851,-0.17187,0.69378,-1.5079,-0.42339,2.9082,-1.0522
-0.57732,-0.17202,0.69047,-1.5081,-0.41639,2.9091,-1.0593
-0.57613,-0.17214,0.68715,-1.5082,-0.40939,2.9099,-1.0663
-0.57495,-0.17224,0.68383,-1.5083,-0.4024,2.9107,-1.0734
-0.57377,-0.17232,0.68051,-1.5083,-0.39542,2.9114,-1.0805
-0.57259,-0.17237,0.67719,-1.5083,-0.38846,2.9121,-1.0876
-0.57142,-0.1724,0.67388,-1.5082,-0.3815,2.9128,-1.0947
-0.57024,-0.17239,0.67056,-1.508,-0.37456,2.9134,-1.1017
-0.56907,-0.17236,0.66725,-1.5078,-0.36764,2.9139,-1.1088
-0.56791,-0.1723,0.66394,-1.5075,-0.36074,2.9145,-1.1159
-0.56674,-0.1722,0.66064,-1.5071,-0.35386,2.9149,-1.1229
-0.56558,-0.17207,0.65735,-1.5067,-0.34701,2.9153,-1.1299
-0.56443,-0.1719,0.65407,-1.5062,-0.34019,2.9156,-1.137
-0.56327,-0.1717,0.65081,-1.5056,-0.33339,2.9159,-1.144
-0.56213,-0.17146,0.64755,-1.5049,-0.32662,2.9161,-1.151
-0.56098,-0.17118,0.64431,-1.5041,-0.31989,2.9163,-1.158
-0.55985,-0.17086,0.64109,-1.5033,-0.3132,2.9163,-1.1649
-0.55871,-0.17049,0.63788,-1.5023,-0.30654,2.9163,-1.1719
-0.55759,-0.17008,0.63469,-1.5013,-0.29992,2.9162,-1.1788
-0.55646,-0.16963,0.63153,-1.5001,-0.29335,2.9161,-1.1857
-0.55535,-0.16913,0.62838,-1.4989,-0.28681,2.9159,-1.1926
-0.55424,-0.16859,0.62526,-1.4975,-0.28033,2.9156,-1.1995
-0.55313,-0.16799,0.62216,-1.4961,-0.27389,2.9152,-1.2063
-0.55204,-0.16734,0.61909,-1.4945,-0.26751,2.9147,-1.2131
-0.55094,-0.16664,0.61605,-1.4928,-0.26118,2.9141,-1.2199
-0.54986,-0.16589,0.61305,-1.491,-0.25493,2.9134,-1.2266
-0.54879,-0.16509,0.61008,-1.4891,-0.24873,2.9127,-1.2333
-0.54773,-0.16424,0.60714,-1.4871,-0.24259,2.9118,-1.24
-0.54667,-0.16334,0.60422,-1.4849,-0.2365,2.9109,-1.2466
-0.54562,-0.1624,0.60134,-1.4827,-0.23046,2.9099,-1.2532
-0.54458,-0.16141,0.59849,-1.4804,-0.22446,2.9088,-1.2598
-0.54355,-0.16038,0.59566,-1.478,-0.21852,2.9077,-1.2664
-0.54253,-0.1593,0.59287,-1.4754,-0.21262,2.9064,-1.2729
-0.54152,-0.15819,0.5901,-1.4728,-0.20676,2.9051,-1.2794
-0.54052,-0.15704,0.58736,-1.4701,-0.20095,2.9038,-1.2859
-0.53953,-0.15585,0.58465,-1.4674,-0.19518,2.9023,-1.2923
-0.53856,-0.15462,0.58198,-1.4645,-0.18945,2.9008,-1.2988
-0.53759,-0.15337,0.57933,-1.4616,-0.18375,2.8993,-1.3052
-0.53664,-0.15208,0.57671,-1.4586,-0.1781,2.8977,-1.3115
-0.5357,-0.15076,0.57412,-1.4555,-0.17249,2.896,-1.3179
-0.53477,-0.14941,0.57156,-1.4524,-0.16691,2.8942,-1.3242
-0.53385,-0.14803,0.56903,-1.4492,-0.16136,2.8925,-1.3306
-0.53295,-0.14663,0.56653,-1.446,-0.15585,2.8906,-1.3368
-0.53207,-0.14521,0.56405,-1.4427,-0.15037,2.8888,-1.3431
-0.5312,-0.14377,0.56161,-1.4394,-0.14492,2.8869,-1.3494
-0.53034,-0.1423,0.5592,-1.436,-0.13949,2.8849,-1.3556
-0.5295,-0.14082,0.55682,-1.4326,-0.1341,2.8829,-1.3618
-0.52867,-0.13932,0.55446,-1.4291,-0.12873,2.8809,-1.368
-0.52786,-0.1378,0.55214,-1.4257,-0.12339,2.8788,-1.3742
-0.52707,-0.13627,0.54985,-1.4221,-0.11807,2.8767,-1.3803
-0.5263,-0.13473,0.54758,-1.4186,-0.11278,2.8746,-1.3864
-0.52554,-0.13317,0.54535,-1.415,-0.1075,2.8724,-1.3926
-0.5248,-0.13161,0.54314,-1.4115,-0.10225,2.8703,-1.3987
-0.52408,-0.13004,0.54097,-1.4079,-0.097016,2.8681,-1.4047
-0.52337,-0.12847,0.53883,-1.4042,-0.091799,2.8659,-1.4108
-0.52269,-0.12689,0.53671,-1.4006,-0.086598,2.8636,-1.4169
-0.52203,-0.12531,0.53463,-1.397,-0.081412,2.8614,-1.4229
-0.52138,-0.12373,0.53257,-1.3934,-0.076239,2.8591,-1.4289
-0.52076,-0.12215,0.53055,-1.3898,-0.07108,2.8569,-1.4349
-0.52016,-0.12057,0.52855,-1.3861,-0.065931,2.8546,-1.4409
-0.51957,-0.119,0.52659,-1.3825,-0.060792,2.8523,-1.4469
-0.51902,-0.11744,0.52466,-1.379,-0.055661,2.8501,-1.4528
-0.51848,-0.11588,0.52275,-1.3754,-0.050538,2.8478,-1.4588
-0.51796,-0.11433,0.52088,-1.3718,-0.045421,2.8455,-1.4647
-0.51747,-0.11279,0.51903,-1.3683,-0.040308,2.8433,-1.4706
-0.517,-0.11126,0.51722,-1.3648,-0.035199,2.841,-1.4766
-0.51656,-0.10975,0.51544,-1.3614,-0.030092,2.8388,-1.4825
-0.51613,-0.10825,0.51368,-1.3579,-0.024986,2.8366,-1.4883
-0.51574,-0.10677,0.51196,-1.3545,-0.019879,2.8344,-1.4942
-0.51537,-0.10531,0.51027,-1.3512,-0.01477,2.8322,-1.5001
-0.51502,-0.10387,0.50861,-1.3479,-0.009659,2.8301,-1.5059
-0.5147,-0.10246,0.50698,-1.3447,-0.0045431,2.8279,-1.5118
-0.51441,-0.10106,0.50538,-1.3415,0.00057839,2.8258,-1.5176
-0.51414,-0.099696,0.50381,-1.3383,0.0057068,2.8237,-1.5235
-0.5139,-0.098356,0.50227,-1.3353,0.010843,2.8217,-1.5293
-0.51368,-0.097045,0.50076,-1.3323,0.015989,2.8197,-1.5351
-0.5135,-0.095765,0.49928,-1.3293,0.021146,2.8177,-1.5409
-0.51334,-0.094516,0.49783,-1.3265,0.026315,2.8158,-1.5467
-0.51321,-0.093302,0.49641,-1.3237,0.031497,2.8139,-1.5525
-0.51311,-0.092123,0.49502,-1.321,0.036694,2.8121,-1.5583
-0.51304,-0.090981,0.49367,-1.3183,0.041907,2.8103,-1.5641
-0.513,-0.089878,0.49234,-1.3158,0.047137,2.8085,-1.5699
-0.51299,-0.088815,0.49105,-1.3133,0.052385,2.8068,-1.5757
-0.51302,-0.087794,0.48978,-1.311,0.057654,2.8052,-1.5815
-0.51307,-0.086817,0.48855,-1.3087,0.062943,2.8036,-1.5872
-0.51315,-0.085885,0.48735,-1.3066,0.068255,2.8021,-1.593
-0.51327,-0.085,0.48618,-1.3045,0.07359,2.8006,-1.5988
-0.51342,-0.084164,0.48504,-1.3026,0.07895,2.7992,-1.6045
-0.5136,-0.083378,0.48393,-1.3008,0.084337,2.7979,-1.6103
-0.51381,-0.082644,0.48285,-1.2991,0.089751,2.7966,-1.6161
-0.51406,-0.081963,0.4818,-1.2975,0.095193,2.7955,-1.6218
-0.51434,-0.081337,0.48078,-1.296,0.10067,2.7944,-1.6276
-0.51466,-0.080768,0.4798,-1.2947,0.10617,2.7933,-1.6334
-0.51501,-0.080259,0.47884,-1.2935,0.1117,2.7924,-1.6391
-0.51539,-0.079806,0.47792,-1.2924,0.11725,2.7915,-1.6449
-0.51581,-0.079409,0.47703,-1.2914,0.12284,2.7907,-1.6506
-0.51626,-0.079067,0.47616,-1.2906,0.12846,2.79,-1.6564
-0.51674,-0.078779,0.47532,-1.2899,0.13412,2.7894,-1.6621
-0.51725,-0.078544,0.47451,-1.2893,0.1398,2.7888,-1.6679
-0.5178,-0.078361,0.47372,-1.2888,0.14551,2.7883,-1.6737
-0.51837,-0.078228,0.47296,-1.2885,0.15125,2.7878,-1.6794
-0.51897,-0.078144,0.47222,-1.2883,0.15702,2.7875,-1.6852
-0.5196,-0.078109,0.47151,-1.2881,0.16282,2.7872,-1.6909
-0.52025,-0.078122,0.47082,-1.2881,0.16865,2.787,-1.6967
-0.52094,-0.07818,0.47014,-1.2882,0.17451,2.7868,-1.7025
-0.52164,-0.078284,0.46949,-1.2884,0.1804,2.7867,-1.7083
-0.52238,-0.078432,0.46886,-1.2887,0.18631,2.7866,-1.714
-0.52313,-0.078623,0.46825,-1.2891,0.19225,2.7866,-1.7198
-0.52391,-0.078856,0.46765,-1.2896,0.19821,2.7867,-1.7256
-0.52472,-0.07913,0.46707,-1.2902,0.2042,2.7868,-1.7314
-0.52554,-0.079444,0.46651,-1.2908,0.21022,2.787,-1.7372
-0.52639,-0.079796,0.46596,-1.2916,0.21626,2.7872,-1.743
-0.52725,-0.080186,0.46542,-1.2925,0.22233,2.7875,-1.7488
-0.52814,-0.080613,0.4649,-1.2935,0.22842,2.7878,-1.7546
-0.52904,-0.081075,0.46439,-1.2945,0.23454,2.7882,-1.7604
-0.52996,-0.081571,0.46389,-1.2956,0.24068,2.7886,-1.7662
-0.5309,-0.082101,0.46341,-1.2968,0.24684,2.7891,-1.7721
-0.53186,-0.082662,0.46293,-1.2981,0.25302,2.7896,-1.7779
-0.53283,-0.083255,0.46246,-1.2995,0.25923,2.7902,-1.7837
-0.53382,-0.083878,0.462,-1.3009,0.26546,2.7908,-1.7896
-0.53482,-0.08453,0.46154,-1.3024,0.27171,2.7914,-1.7954
-0.53583,-0.08521,0.46109,-1.304,0.27799,2.7921,-1.8013
-0.53686,-0.085916,0.46065,-1.3057,0.28428,2.7928,-1.8071
-0.5379,-0.086649,0.46021,-1.3074,0.2906,2.7935,-1.813
-0.53895,-0.087405,0.45977,-1.3092,0.29693,2.7943,-1.8189
-0.54001,-0.088186,0.45934,-1.311,0.30328,2.7951,-1.8248
-0.54108,-0.088989,0.45891,-1.3129,0.30966,2.7959,-1.8307
-0.54216,-0.089813,0.45847,-1.3149,0.31605,2.7968,-1.8365
-0.54324,-0.090658,0.45804,-1.3169,0.32246,2.7977,-1.8425
-0.54434,-0.091521,0.45761,-1.319,0.32889,2.7986,-1.8484
-0.54544,-0.092403,0.45717,-1.3211,0.33534,2.7995,-1.8543
-0.54654,-0.093302,0.45674,-1.3233,0.3418,2.8005,-1.8602
-0.54766,-0.094217,0.45629,-1.3255,0.34828,2.8014,-1.8662
-0.54877,-0.095147,0.45585,-1.3278,0.35478,2.8024,-1.8721
-0.54989,-0.09609,0.45539,-1.3301,0.36129,2.8035,-1.8781
-0.55102,-0.097046,0.45494,-1.3325,0.36782,2.8045,-1.884
-0.55214,-0.098014,0.45447,-1.3348,0.37436,2.8055,-1.89
-0.55327,-0.098993,0.45399,-1.3373,0.38092,2.8066,-1.896
-0.55439,-0.099981,0.45351,-1.3397,0.38749,2.8076,-1.902
-0.55552,-0.10098,0.45302,-1.3422,0.39408,2.8087,-1.908
-0.55664,-0.10198,0.45251,-1.3448,0.40068,2.8098,-1.914
-0.55777,-0.10299,0.452,-1.3473,0.40729,2.8109,-1.92
-0.55889,-0.10401,0.45147,-1.3499,0.41392,2.812,-1.9261
-0.56001,-0.10502,0.45092,-1.3525,0.42056,2.8131,-1.9321
-0.56112,-0.10605,0.45037,-1.3551,0.42721,2.8142,-1.9382
-0.56223,-0.10707,0.44979,-1.3578,0.43387,2.8153,-1.9442
-0.56333,-0.10809,0.44921,-1.3605,0.44055,2.8164,-1.9503
-0.56443,-0.10912,0.4486,-1.3632,0.44723,2.8175,-1.9564
-0.56552,-0.11014,0.44798,-1.3659,0.45393,2.8186,-1.9625
-0.5666,-0.11116,0.44733,-1.3686,0.46063,2.8197,-1.9686
-0.56767,-0.11218,0.44667,-1.3713,0.46734,2.8207,-1.9748
-0.56874,-0.11319,0.44598,-1.374,0.47407,2.8218,-1.9809
-0.56979,-0.1142,0.44528,-1.3767,0.4808,2.8229,-1.9871
-0.57083,-0.1152,0.44455,-1.3795,0.48754,2.8239,-1.9932
-0.57186,-0.11619,0.4438,-1.3822,0.49429,2.825,-1.9994
-0.57288,-0.11717,0.44302,-1.3849,0.50105,2.826,-2.0056
-0.57389,-0.11815,0.44222,-1.3877,0.50781,2.827,-2.0118
-0.57488,-0.11911,0.4414,-1.3904,0.51458,2.828,-2.018
-0.57586,-0.12006,0.44054,-1.3931,0.52136,2.8289,-2.0243
-0.57682,-0.12099,0.43966,-1.3958,0.52814,2.8299,-2.0305
-0.57777,-0.12192,0.43875,-1.3985,0.53493,2.8308,-2.0368
-0.57869,-0.12282,0.43781,-1.4012,0.54172,2.8317,-2.0431
-0.5796,-0.12371,0.43684,-1.4039,0.54852,2.8326,-2.0494
-0.5805,-0.12459,0.43584,-1.4065,0.55532,2.8334,-2.0557
-0.58137,-0.12544,0.4348,-1.4091,0.56213,2.8343,-2.062
-0.58222,-0.12627,0.43373,-1.4118,0.56894,2.835,-2.0683
-0.58306,-0.12709,0.43263,-1.4143,0.57575,2.8358,-2.0747
-0.58387,-0.12788,0.43149,-1.4169,0.58257,2.8365,-2.0811
-0.58465,-0.12865,0.43032,-1.4194,0.58939,2.8372,-2.0875
-0.58542,-0.12939,0.42911,-1.4219,0.59621,2.8379,-2.0939
-0.58616,-0.13011,0.42786,-1.4244,0.60303,2.8385,-2.1003
-0.58688,-0.1308,0.42658,-1.4268,0.60985,2.839,-2.1067
-0.58757,-0.13147,0.42525,-1.4292,0.61667,2.8396,-2.1132
-0.58824,-0.1321,0.42389,-1.4315,0.6235,2.8401,-2.1197
-0.58887,-0.13271,0.42248,-1.4339,0.63032,2.8405,-2.1261
-0.58949,-0.13329,0.42103,-1.4361,0.63715,2.8409,-2.1326
-0.59007,-0.13383,0.41954,-1.4383,0.64397,2.8413,-2.1392
-0.59062,-0.13434,0.418,-1.4405,0.65079,2.8416,-2.1457
-0.59115,-0.13482,0.41642,-1.4426,0.65761,2.8418,-2.1523
-0.59164,-0.13527,0.4148,-1.4447,0.66443,2.842,-2.1589
-0.5921,-0.13567,0.41312,-1.4467,0.67124,2.8422,-2.1655
-0.59253,-0.13604,0.4114,-1.4487,0.67805,2.8423,-2.1721
-0.59293,-0.13638,0.40963,-1.4506,0.68486,2.8423,-2.1787
-0.59329,-0.13667,0.40781,-1.4524,0.69167,2.8423,-2.1854
-0.59362,-0.13692,0.40595,-1.4542,0.69847,2.8422,-2.192
-0.59392,-0.13714,0.40401,-1.4559,0.70532,2.8421,-2.1988
-0.59418,-0.13731,0.40203,-1.4576,0.71216,2.8419,-2.2055
-0.59441,-0.13744,0.4,-1.4592,0.719,2.8416,-2.2123
-0.59461,-0.13753,0.39793,-1.4607,0.72583,2.8413,-2.2191
-0.59478,-0.13759,0.39581,-1.4622,0.73266,2.841,-2.2259
-0.59493,-0.13761,0.39366,-1.4636,0.73947,2.8405,-2.2328
-0.59506,-0.13759,0.39147,-1.465,0.74628,2.84,-2.2396
-0.59516,-0.13753,0.38925,-1.4663,0.75308,2.8395,-2.2464
-0.59524,-0.13745,0.38701,-1.4675,0.75987,2.8389,-2.2533
-0.59531,-0.13733,0.38473,-1.4687,0.76665,2.8383,-2.2602
-0.59536,-0.13718,0.38243,-1.4698,0.77342,2.8376,-2.267
-0.5954,-0.13699,0.38011,-1.4709,0.78018,2.8369,-2.2739
-0.59543,-0.13678,0.37776,-1.472,0.78693,2.8361,-2.2808
-0.59545,-0.13654,0.37541,-1.473,0.79366,2.8353,-2.2877
-0.59546,-0.13627,0.37304,-1.4739,0.80038,2.8344,-2.2946
-0.59546,-0.13598,0.37065,-1.4748,0.80709,2.8335,-2.3015
-0.59547,-0.13566,0.36827,-1.4757,0.81378,2.8326,-2.3084
-0.59547,-0.13531,0.36587,-1.4765,0.82046,2.8316,-2.3152
-0.59547,-0.13494,0.36348,-1.4772,0.82712,2.8306,-2.3221
-0.59548,-0.13455,0.36108,-1.478,0.83376,2.8295,-2.329
-0.5955,-0.13414,0.35869,-1.4787,0.84039,2.8284,-2.3359
-0.59552,-0.13371,0.3563,-1.4793,0.847,2.8273,-2.3427
-0.59555,-0.13325,0.35392,-1.4799,0.8536,2.8261,-2.3496
-0.59559,-0.13278,0.35156,-1.4805,0.86017,2.8249,-2.3564
-0.59564,-0.13229,0.3492,-1.4811,0.86673,2.8237,-2.3633
-0.59571,-0.13179,0.34687,-1.4816,0.87326,2.8224,-2.3701
-0.5958,-0.13127,0.34455,-1.4821,0.87978,2.8211,-2.3769
-0.59591,-0.13073,0.34226,-1.4825,0.88627,2.8198,-2.3837
-0.59604,-0.13018,0.33999,-1.4829,0.89274,2.8185,-2.3905
-0.5962,-0.12962,0.33775,-1.4833,0.89919,2.8171,-2.3972
-0.59638,-0.12905,0.33554,-1.4837,0.90562,2.8158,-2.404
-0.59659,-0.12847,0.33337,-1.4841,0.91202,2.8144,-2.4107
-0.59683,-0.12787,0.33123,-1.4844,0.9184,2.8129,-2.4174
-0.5971,-0.12727,0.32913,-1.4847,0.92475,2.8115,-2.4241
-0.5974,-0.12667,0.32707,-1.485,0.93108,2.8101,-2.4307
-0.59774,-0.12605,0.32506,-1.4853,0.93738,2.8086,-2.4374
-0.59812,-0.12543,0.32309,-1.4855,0.94365,2.8071,-2.444
-0.59854,-0.12481,0.32117,-1.4857,0.9499,2.8056,-2.4505
-0.59901,-0.12419,0.31931,-1.4859,0.95612,2.8041,-2.4571
-0.59951,-0.12356,0.3175,-1.4862,0.96231,2.8026,-2.4636
-0.60007,-0.12293,0.31575,-1.4863,0.96847,2.801,-2.4701
-0.60067,-0.1223,0.31406,-1.4865,0.97461,2.7995,-2.4765
-0.60132,-0.12167,0.31243,-1.4867,0.98071,2.798,-2.483
-0.60203,-0.12105,0.31087,-1.4869,0.98678,2.7964,-2.4893
-0.60279,-0.12042,0.30939,-1.487,0.99282,2.7949,-2.4957
-0.60361,-0.11981,0.30797,-1.4872,0.99883,2.7933,-2.502
-0.60448,-0.11919,0.30662,-1.4873,1.0048,2.7917,-2.5082
-0.60542,-0.11859,0.30536,-1.4875,1.0107,2.7902,-2.5145
-0.60642,-0.11798,0.30417,-1.4876,1.0166,2.7886,-2.5207
-0.60749,-0.11739,0.30307,-1.4877,1.0225,2.7871,-2.5268
-0.60862,-0.11681,0.30206,-1.4879,1.0284,2.7855,-2.5329
-0.60982,-0.11624,0.30113,-1.488,1.0342,2.784,-2.5389
-0.6111,-0.11568,0.30029,-1.4882,1.0399,2.7825,-2.5449
-0.61245,-0.11513,0.29955,-1.4883,1.0456,2.7809,-2.5509
-0.61387,-0.11459,0.2989,-1.4885,1.0513,2.7794,-2.5568
-0.61537,-0.11407,0.29836,-1.4887,1.057,2.7779,-2.5626
-0.61695,-0.11356,0.29791,-1.4888,1.0626,2.7764,-2.5684
-0.61861,-0.11307,0.29757,-1.489,1.0682,2.7749,-2.5742
-0.62035,-0.1126,0.29734,-1.4892,1.0737,2.7735,-2.5799
-0.62218,-0.11215,0.29722,-1.4894,1.0792,2.772,-2.5855
-0.6241,-0.11171,0.29722,-1.4897,1.0846,2.7706,-2.5911
-0.62611,-0.1113,0.29733,-1.4899,1.09,2.7692,-2.5966
-0.62821,-0.11091,0.29755,-1.4902,1.0954,2.7678,-2.6021
-0.6304,-0.11054,0.2979,-1.4905,1.1007,2.7664,-2.6075
-0.63269,-0.11019,0.29838,-1.4908,1.106,2.765,-2.6128
-0.63508,-0.10987,0.29898,-1.4911,1.1112,2.7637,-2.6181
-0.63757,-0.10958,0.29971,-1.4914,1.1164,2.7624,-2.6233
-0.64016,-0.10931,0.30057,-1.4918,1.1216,2.7611,-2.6284
-0.64283,-0.10907,0.30156,-1.4922,1.1266,2.7599,-2.6334
-0.6456,-0.10885,0.30268,-1.4926,1.1316,2.7587,-2.6384
-0.64847,-0.10867,0.30393,-1.493,1.1366,2.7575,-2.6433
-0.65145,-0.10851,0.30531,-1.4935,1.1415,2.7563,-2.6481
-0.65452,-0.10838,0.30681,-1.494,1.1464,2.7552,-2.6529
-0.65768,-0.10827,0.30844,-1.4945,1.1512,2.7541,-2.6576
-0.66095,-0.1082,0.31019,-1.495,1.156,2.753,-2.6622
-0.6643,-0.10815,0.31207,-1.4956,1.1608,2.7519,-2.6668
-0.66776,-0.10812,0.31406,-1.4962,1.1655,2.7509,-2.6713
-0.6713,-0.10813,0.31617,-1.4968,1.1701,2.7499,-2.6757
-0.67494,-0.10815,0.3184,-1.4974,1.1748,2.7489,-2.6801
-0.67866,-0.10821,0.32074,-1.498,1.1793,2.7479,-2.6845
-0.68248,-0.10829,0.32319,-1.4987,1.1839,2.7469,-2.6887
-0.68638,-0.1084,0.32576,-1.4994,1.1884,2.746,-2.6929
-0.69038,-0.10854,0.32843,-1.5001,1.1929,2.7451,-2.6971
-0.69446,-0.1087,0.33122,-1.5008,1.1973,2.7442,-2.7011
-0.69862,-0.10889,0.33411,-1.5015,1.2017,2.7433,-2.7052
-0.70287,-0.10911,0.3371,-1.5023,1.206,2.7424,-2.7091
-0.7072,-0.10935,0.3402,-1.503,1.2104,2.7416,-2.713
-0.71161,-0.10962,0.34339,-1.5038,1.2146,2.7407,-2.7169
-0.71611,-0.10992,0.34669,-1.5047,1.2189,2.7399,-2.7207
-0.72068,-0.11024,0.35009,-1.5055,1.2231,2.7391,-2.7244
-0.72533,-0.11059,0.35358,-1.5063,1.2273,2.7383,-2.7281
-0.73006,-0.11096,0.35716,-1.5072,1.2314,2.7375,-2.7317
-0.73487,-0.11136,0.36084,-1.5081,1.2355,2.7368,-2.7352
-0.73975,-0.11179,0.36461,-1.509,1.2396,2.736,-2.7387
-0.74471,-0.11224,0.36847,-1.5099,1.2437,2.7353,-2.7422
-0.74974,-0.11272,0.37242,-1.5108,1.2477,2.7346,-2.7456
-0.75484,-0.11322,0.37645,-1.5117,1.2517,2.7339,-2.7489
-0.76002,-0.11375,0.38057,-1.5127,1.2556,2.7332,-2.7522
-0.76526,-0.11431,0.38477,-1.5137,1.2595,2.7325,-2.7555
-0.77058,-0.11489,0.38905,-1.5146,1.2634,2.7318,-2.7586
-0.77596,-0.1155,0.39341,-1.5156,1.2673,2.7311,-2.7618
-0.78141,-0.11613,0.39784,-1.5166,1.2711,2.7304,-2.7649
-0.78692,-0.11679,0.40236,-1.5177,1.2749,2.7298,-2.7679
-0.7925,-0.11747,0.40695,-1.5187,1.2787,2.7291,-2.7709
-0.79814,-0.11819,0.41161,-1.5197,1.2825,2.7285,-2.7738
-0.80385,-0.11892,0.41634,-1.5208,1.2862,2.7278,-2.7767
-0.80961,-0.11968,0.42114,-1.5219,1.2899,2.7272,-2.7795
-0.81544,-0.12047,0.42601,-1.5229,1.2936,2.7266,-2.7823
-0.82133,-0.12128,0.43094,-1.524,1.2972,2.7259,-2.785
-0.82727,-0.12212,0.43594,-1.5251,1.3009,2.7253,-2.7877
-0.83327,-0.12298,0.441,-1.5262,1.3045,2.7247,-2.7903
-0.83933,-0.12387,0.44612,-1.5274,1.308,2.7241,-2.7929
-0.84544,-0.12479,0.4513,-1.5285,1.3116,2.7235,-2.7954
-0.85161,-0.12573,0.45654,-1.5296,1.3151,2.7228,-2.7979
-0.85783,-0.12669,0.46183,-1.5308,1.3186,2.7222,-2.8004
-0.8641,-0.12768,0.46718,-1.5319,1.3221,2.7216,-2.8028
-0.87042,-0.12869,0.47258,-1.5331,1.3256,2.721,-2.8051
-0.8768,-0.12973,0.47803,-1.5342,1.329,2.7204,-2.8075
-0.88322,-0.1308,0.48353,-1.5354,1.3325,2.7198,-2.8097
-0.88968,-0.13189,0.48908,-1.5366,1.3359,2.7191,-2.8119
-0.8962,-0.133,0.49467,-1.5378,1.3393,2.7185,-2.8141
-0.90276,-0.13414,0.50031,-1.5389,1.3426,2.7179,-2.8163
-0.90936,-0.13531,0.50599,-1.5401,1.346,2.7172,-2.8184
-0.91601,-0.1365,0.51171,-1.5413,1.3493,2.7166,-2.8204
-0.9227,-0.13771,0.51747,-1.5425,1.3526,2.716,-2.8224
-0.92943,-0.13895,0.52327,-1.5438,1.3559,2.7153,-2.8244
-0.9362,-0.14021,0.5291,-1.545,1.3592,2.7147,-2.8263
-0.94301,-0.1415,0.53497,-1.5462,1.3625,2.714,-2.8282
-0.94986,-0.14281,0.54087,-1.5474,1.3657,2.7133,-2.8301
-0.95674,-0.14415,0.5468,-1.5486,1.369,2.7126,-2.8319
-0.96366,-0.14551,0.55275,-1.5498,1.3722,2.712,-2.8337
-0.97062,-0.14689,0.55874,-1.5511,1.3754,2.7113,-2.8354
-0.9776,-0.1483,0.56475,-1.5523,1.3786,2.7105,-2.8371
-0.98462,-0.14974,0.57079,-1.5535,1.3818,2.7098,-2.8388
-0.99168,-0.1512,0.57684,-1.5547,1.385,2.7091,-2.8404
-0.99876,-0.15268,0.58292,-1.556,1.3882,2.7084,-2.842
-1.0059,-0.15419,0.58902,-1.5572,1.3913,2.7076,-2.8435
-1.013,-0.15572,0.59513,-1.5584,1.3945,2.7068,-2.8451
-1.0202,-0.15727,0.60126,-1.5597,1.3976,2.706,-2.8465
-1.0274,-0.15885,0.6074,-1.5609,1.4007,2.7053,-2.848
-1.0346,-0.16046,0.61356,-1.5621,1.4038,2.7044,-2.8494
-1.0418,-0.16209,0.61972,-1.5633,1.407,2.7036,-2.8508
-1.0491,-0.16374,0.6259,-1.5646,1.4101,2.7028,-2.8521
-1.0564,-0.16541,0.63208,-1.5658,1.4132,2.7019,-2.8535
-1.0637,-0.16711,0.63827,-1.567,1.4162,2.701,-2.8547
-1.071,-0.16883,0.64446,-1.5682,1.4193,2.7001,-2.856
-1.0783,-0.17058,0.65065,-1.5694,1.4224,2.6992,-2.8572
-1.0857,-0.17235,0.65684,-1.5706,1.4255,2.6983,-2.8584
-1.0931,-0.17415,0.66303,-1.5718,1.4285,2.6974,-2.8596
-1.1005,-0.17596,0.66922,-1.573,1.4316,2.6964,-2.8607
-1.1079,-0.17781,0.67541,-1.5742,1.4347,2.6954,-2.8618
-1.1153,-0.17967,0.68158,-1.5754,1.4377,2.6944,-2.8629
-1.1227,-0.18156,0.68775,-1.5766,1.4408,2.6933,-2.8639
-1.1302,-0.18347,0.69391,-1.5778,1.4438,2.6923,-2.8649
-1.1376,-0.18541,0.70006,-1.5789,1.4469,2.6912,-2.8659
-1.1451,-0.18737,0.7062,-1.5801,1.4499,2.6901,-2.8668
-1.1526,-0.18935,0.71232,-1.5813,1.453,2.689,-2.8678
-1.16,-0.19135,0.71842,-1.5824,1.456,2.6878,-2.8687
-1.1675,-0.19338,0.72451,-1.5836,1.4591,2.6867,-2.8696
-1.175,-0.19543,0.73057,-1.5847,1.4621,2.6855,-2.8704
-1.1825,-0.19751,0.73662,-1.5858,1.4652,2.6842,-2.8713
-1.19,-0.19961,0.74264,-1.5869,1.4683,2.683,-2.8721
-1.1975,-0.20173,0.74864,-1.588,1.4713,2.6817,-2.8728
-1.205,-0.20387,0.75461,-1.5891,1.4744,2.6804,-2.8736
-1.2124,-0.20604,0.76055,-1.5902,1.4774,2.679,-2.8743
-1.2199,-0.20823,0.76646,-1.5913,1.4805,2.6777,-2.875
-1.2274,-0.21044,0.77234,-1.5924,1.4836,2.6763,-2.8757
-1.2349,-0.21268,0.77819,-1.5934,1.4867,2.6748,-2.8764
-1.2424,-0.21494,0.784,-1.5945,1.4898,2.6734,-2.877
-1.2498,-0.21722,0.78978,-1.5955,1.4928,2.6719,-2.8777
-1.2573,-0.21952,0.79552,-1.5965,1.4959,2.6704,-2.8783
-1.2648,-0.22185,0.80122,-1.5975,1.499,2.6688,-2.8789
-1.2722,-0.2242,0.80687,-1.5985,1.5022,2.6672,-2.8794
-1.2796,-0.22657,0.81248,-1.5995,1.5053,2.6656,-2.88
-1.287,-0.22897,0.81805,-1.6004,1.5084,2.6639,-2.8805
-1.2945,-0.23138,0.82357,-1.6014,1.5116,2.6622,-2.881
-1.3019,-0.23382,0.82905,-1.6023,1.5147,2.6605,-2.8815
-1.3092,-0.23628,0.83447,-1.6033,1.5179,2.6587,-2.882
-1.3166,-0.23877,0.83984,-1.6042,1.521,2.6569,-2.8824
-1.3239,-0.24127,0.84516,-1.605,1.5242,2.6551,-2.8829
-1.3313,-0.2438,0.85042,-1.6059,1.5274,2.6532,-2.8833
-1.3386,-0.24635,0.85563,-1.6068,1.5306,2.6513,-2.8837
-1.3459,-0.24893,0.86077,-1.6076,1.5338,2.6493,-2.8841
-1.3531,-0.25152,0.86586,-1.6085,1.5371,2.6473,-2.8845
-1.3604,-0.25414,0.87089,-1.6093,1.5403,2.6453,-2.8848
-1.3676,-0.25678,0.87585,-1.6101,1.5436,2.6432,-2.8852
-1.3748,-0.25944,0.88075,-1.6108,1.5469,2.6411,-2.8855
-1.382,-0.26212,0.88558,-1.6116,1.5502,2.6389,-2.8859
-1.3891,-0.26483,0.89034,-1.6123,1.5535,2.6367,-2.8862
-1.3962,-0.26756,0.89503,-1.613,1.5568,2.6345,-2.8865
-1.4033,-0.27031,0.89965,-1.6137,1.5601,2.6322,-2.8868
-1.4104,-0.27308,0.9042,-1.6144,1.5635,2.6298,-2.8871
-1.4174,-0.27587,0.90867,-1.6151,1.5669,2.6275,-2.8873
-1.4244,-0.27868,0.91306,-1.6157,1.5703,2.625,-2.8876
-1.4313,-0.28152,0.91738,-1.6163,1.5737,2.6225,-2.8878
-1.4383,-0.28438,0.92161,-1.6169,1.5771,2.62,-2.8881
-1.4451,-0.28726,0.92576,-1.6175,1.5806,2.6175,-2.8883
-1.4521,-0.29019,0.92989,-1.618,1.5841,2.6148,-2.8885
-1.459,-0.29315,0.93392,-1.6186,1.5876,2.6121,-2.8888
-1.4658,-0.29614,0.93787,-1.6191,1.5912,2.6094,-2.889
-1.4727,-0.29914,0.94174,-1.6196,1.5948,2.6066,-2.8892
-1.4795,-0.30217,0.94552,-1.6201,1.5984,2.6037,-2.8894
-1.4862,-0.30523,0.94922,-1.6205,1.602,2.6008,-2.8896
-1.4929,-0.30831,0.95284,-1.621,1.6057,2.5979,-2.8897
-1.4996,-0.31141,0.95638,-1.6214,1.6093,2.5949,-2.8899
-1.5062,-0.31455,0.95984,-1.6218,1.613,2.5919,-2.8901
-1.5128,-0.31771,0.96322,-1.6223,1.6168,2.5888,-2.8902
-1.5194,-0.32089,0.96652,-1.6227,1.6205,2.5857,-2.8904
-1.5259,-0.32411,0.96974,-1.6231,1.6243,2.5826,-2.8905
-1.5324,-0.32735,0.97288,-1.6235,1.6281,2.5794,-2.8906
-1.5388,-0.33062,0.97595,-1.6239,1.6319,2.5762,-2.8908
-1.5453,-0.33393,0.97894,-1.6243,1.6357,2.5729,-2.8909
-1.5516,-0.33726,0.98185,-1.6247,1.6396,2.5696,-2.891
-1.558,-0.34062,0.98469,-1.625,1.6434,2.5662,-2.8911
-1.5643,-0.34401,0.98746,-1.6254,1.6473,2.5629,-2.8912
-1.5705,-0.34744,0.99015,-1.6258,1.6513,2.5594,-2.8913
-1.5767,-0.3509,0.99276,-1.6262,1.6552,2.556,-2.8913
-1.5829,-0.35439,0.99531,-1.6266,1.6592,2.5525,-2.8914
-1.5891,-0.35791,0.99778,-1.6271,1.6632,2.5489,-2.8915
-1.5952,-0.36147,1.0002,-1.6275,1.6673,2.5454,-2.8915
-1.6012,-0.36506,1.0025,-1.6279,1.6713,2.5418,-2.8916
-1.6073,-0.36868,1.0048,-1.6284,1.6754,2.5382,-2.8916
-1.6133,-0.37234,1.007,-1.6288,1.6795,2.5345,-2.8916
-1.6192,-0.37604,1.0091,-1.6293,1.6836,2.5308,-2.8916
-1.6251,-0.37978,1.0111,-1.6298,1.6878,2.5271,-2.8917
-1.631,-0.38355,1.0131,-1.6303,1.692,2.5233,-2.8917
-1.6368,-0.38735,1.0151,-1.6308,1.6962,2.5195,-2.8917
-1.6426,-0.3912,1.0169,-1.6314,1.7004,2.5157,-2.8916
-1.6484,-0.39508,1.0187,-1.632,1.7047,2.5118,-2.8916
-1.6541,-0.39901,1.0204,-1.6326,1.709,2.508,-2.8916
-1.6598,-0.40297,1.0221,-1.6332,1.7133,2.5041,-2.8916
-1.6655,-0.40698,1.0237,-1.6338,1.7176,2.5001,-2.8915
-1.6711,-0.41102,1.0252,-1.6345,1.722,2.4962,-2.8915
-1.6766,-0.4151,1.0267,-1.6352,1.7264,2.4922,-2.8914
-1.6822,-0.41923,1.0281,-1.636,1.7308,2.4882,-2.8914
-1.6877,-0.4234,1.0295,-1.6367,1.7353,2.4842,-2.8913
-1.6931,-0.42761,1.0308,-1.6375,1.7398,2.4801,-2.8912
-1.6985,-0.43187,1.032,-1.6384,1.7443,2.4761,-2.8912
-1.7039,-0.43617,1.0332,-1.6392,1.7488,2.472,-2.8911
-1.7093,-0.44051,1.0343,-1.6402,1.7534,2.4678,-2.891
-1.7148,-0.44514,1.0354,-1.6412,1.7582,2.4635,-2.8909
-1.7204,-0.4498,1.0365,-1.6422,1.7631,2.4591,-2.8907
-1.7259,-0.45452,1.0374,-1.6433,1.768,2.4547,-2.8906
-1.7313,-0.45926,1.0384,-1.6444,1.7729,2.4503,-2.8905
-1.7367,-0.46404,1.0392,-1.6456,1.7778,2.4459,-2.8904
-1.742,-0.46885,1.04,-1.6468,1.7828,2.4415,-2.8903
-1.7472,-0.47369,1.0408,-1.6481,1.7878,2.4371,-2.8902
-1.7524,-0.47854,1.0415,-1.6494,1.7928,2.4327,-2.8901
-1.7575,-0.48341,1.0421,-1.6508,1.7978,2.4283,-2.89
-1.7625,-0.4883,1.0427,-1.6522,1.8028,2.4239,-2.8899
-1.7674,-0.49319,1.0432,-1.6537,1.8078,2.4195,-2.8899
-1.7723,-0.49808,1.0436,-1.6552,1.8128,2.4151,-2.8898
-1.777,-0.50298,1.044,-1.6567,1.8179,2.4108,-2.8898
-1.7817,-0.50786,1.0444,-1.6583,1.8229,2.4065,-2.8898
-1.7862,-0.51274,1.0447,-1.6599,1.8279,2.4022,-2.8899
-1.7907,-0.51761,1.0449,-1.6616,1.8329,2.3979,-2.89
-1.7951,-0.52246,1.0451,-1.6633,1.8379,2.3937,-2.8901
-1.7993,-0.52733,1.0452,-1.6651,1.8429,2.3895,-2.8902
-1.8035,-0.5322,1.0453,-1.667,1.848,2.3854,-2.8904
-1.8076,-0.53705,1.0453,-1.6689,1.853,2.3812,-2.8906
-1.8116,-0.54192,1.0453,-1.6708,1.858,2.3771,-2.8908
-1.8156,-0.54679,1.0453,-1.6728,1.8631,2.3729,-2.891
-1.8195,-0.55169,1.0452,-1.6748,1.8681,2.3688,-2.8913
-1.8234,-0.55662,1.045,-1.6769,1.8732,2.3646,-2.8915
-1.8272,-0.5616,1.0449,-1.6791,1.8784,2.3604,-2.8918
-1.831,-0.56662,1.0447,-1.6813,1.8835,2.3562,-2.8921
-1.8349,-0.5717,1.0445,-1.6835,1.8887,2.3519,-2.8923
-1.8387,-0.57685,1.0442,-1.6859,1.894,2.3475,-2.8926
-1.8426,-0.58207,1.044,-1.6882,1.8993,2.3431,-2.8929
-1.8465,-0.58738,1.0437,-1.6907,1.9047,2.3386,-2.8931
-1.8504,-0.59279,1.0434,-1.6932,1.9102,2.3341,-2.8933
-1.8545,-0.5983,1.0431,-1.6957,1.9157,2.3294,-2.8935
-1.8586,-0.60392,1.0428,-1.6983,1.9214,2.3246,-2.8937
-1.8627,-0.60967,1.0425,-1.701,1.9271,2.3197,-2.8939
-1.867,-0.61555,1.0422,-1.7037,1.9329,2.3147,-2.894
-1.8714,-0.62156,1.0418,-1.7065,1.9388,2.3095,-2.8941
-1.8757,-0.62743,1.0415,-1.7092,1.9445,2.3044,-2.8941
-1.8801,-0.63341,1.0413,-1.712,1.9504,2.2993,-2.8941
-1.8846,-0.63949,1.041,-1.7148,1.9563,2.294,-2.8941
-1.8892,-0.64565,1.0407,-1.7177,1.9622,2.2886,-2.894
-1.8937,-0.65187,1.0404,-1.7206,1.9682,2.2832,-2.8939
-1.8983,-0.65814,1.0401,-1.7235,1.9742,2.2778,-2.8938
-1.9029,-0.66444,1.0398,-1.7265,1.9802,2.2723,-2.8937
-1.9074,-0.67074,1.0395,-1.7295,1.9862,2.2669,-2.8936
-1.9119,-0.67704,1.0391,-1.7325,1.9922,2.2614,-2.8935
-1.9164,-0.6833,1.0388,-1.7355,1.9982,2.256,-2.8934
-1.9207,-0.68952,1.0385,-1.7385,2.0041,2.2507,-2.8933
-1.9249,-0.69568,1.0381,-1.7415,2.0099,2.2455,-2.8932
-1.929,-0.70176,1.0377,-1.7446,2.0157,2.2403,-2.8931
-1.933,-0.70774,1.0374,-1.7476,2.0213,2.2353,-2.893
-1.9368,-0.71359,1.037,-1.7506,2.0268,2.2304,-2.893
-1.9404,-0.71932,1.0365,-1.7536,2.0322,2.2257,-2.893
-1.9438,-0.72489,1.0361,-1.7566,2.0375,2.2212,-2.893
-1.947,-0.73028,1.0356,-1.7595,2.0426,2.2169,-2.8931
-1.9499,-0.73549,1.0351,-1.7624,2.0475,2.2128,-2.8932
-1.9525,-0.74049,1.0346,-1.7653,2.0523,2.2089,-2.8933
-1.9549,-0.74526,1.0341,-1.7681,2.0568,2.2053,-2.8935
-1.9569,-0.74979,1.0335,-1.7709,2.0611,2.202,-2.8937
-1.9586,-0.75406,1.0329,-1.7736,2.0652,2.1989,-2.894
-1.96,-0.75804,1.0322,-1.7763,2.069,2.1962,-2.8944
-1.961,-0.76173,1.0316,-1.7789,2.0725,2.1939,-2.8948
-1.9616,-0.7651,1.0308,-1.7815,2.0758,2.1919,-2.8953
-1.9618,-0.76814,1.0301,-1.784,2.0788,2.1902,-2.8959
-1.9615,-0.77082,1.0293,-1.7864,2.0814,2.189,-2.8966
-1.9608,-0.77313,1.0285,-1.7887,2.0837,2.1882,-2.8973
-1.9597,-0.77505,1.0276,-1.7909,2.0857,2.1879,-2.8981
-1.958,-0.7766,1.0267,-1.793,2.0873,2.1879,-2.899
-1.956,-0.77779,1.0258,-1.7951,2.0887,2.1884,-2.9
-1.9535,-0.77864,1.0248,-1.7971,2.0897,2.1893,-2.9011
-1.9507,-0.77917,1.0238,-1.799,2.0904,2.1905,-2.9022
-1.9474,-0.77939,1.0227,-1.8008,2.0908,2.1921,-2.9033
-1.9437,-0.7793,1.0217,-1.8025,2.0909,2.1941,-2.9045
-1.9397,-0.77893,1.0206,-1.8042,2.0908,2.1965,-2.9058
-1.9353,-0.77829,1.0195,-1.8058,2.0904,2.1991,-2.9071
-1.9305,-0.7774,1.0183,-1.8074,2.0897,2.2021,-2.9084
-1.9255,-0.77626,1.0171,-1.8088,2.0888,2.2055,-2.9098
-1.9201,-0.7749,1.016,-1.8103,2.0877,2.2091,-2.9112
-1.9144,-0.77332,1.0148,-1.8116,2.0863,2.213,-2.9126
-1.9084,-0.77155,1.0135,-1.8129,2.0847,2.2172,-2.914
-1.9022,-0.76958,1.0123,-1.8141,2.0829,2.2217,-2.9154
-1.8957,-0.76745,1.0111,-1.8153,2.081,2.2264,-2.9167
-1.8889,-0.76516,1.0098,-1.8165,2.0788,2.2314,-2.9181
-1.8819,-0.76273,1.0085,-1.8175,2.0764,2.2366,-2.9195
-1.8747,-0.76016,1.0073,-1.8186,2.0739,2.242,-2.9208
-1.8672,-0.75749,1.006,-1.8195,2.0712,2.2477,-2.9221
-1.8596,-0.75471,1.0047,-1.8205,2.0684,2.2535,-2.9234
-1.8518,-0.75184,1.0035,-1.8214,2.0654,2.2595,-2.9246
-1.8438,-0.7489,1.0022,-1.8222,2.0623,2.2657,-2.9258
-1.8357,-0.74591,1.001,-1.823,2.0591,2.2721,-2.927
-1.8274,-0.74287,0.99971,-1.8238,2.0557,2.2786,-2.928
-1.819,-0.73979,0.99847,-1.8246,2.0523,2.2852,-2.929
-1.8105,-0.73671,0.99724,-1.8253,2.0487,2.292,-2.93
-1.8019,-0.73362,0.99603,-1.8259,2.0451,2.2989,-2.9308
-1.7932,-0.73054,0.99483,-1.8266,2.0414,2.3059,-2.9316
-1.7844,-0.72748,0.99365,-1.8272,2.0376,2.313,-2.9322
-1.7755,-0.72447,0.99248,-1.8278,2.0338,2.3202,-2.9328
-1.7667,-0.72151,0.99134,-1.8284,2.0299,2.3274,-2.9333
-1.7577,-0.71863,0.99023,-1.8289,2.026,2.3347,-2.9336
-1.7488,-0.71582,0.98914,-1.8295,2.0221,2.3421,-2.9339
-1.7399,-0.71311,0.98807,-1.83,2.0181,2.3495,-2.934
-1.7309,-0.71051,0.98704,-1.8305,2.0141,2.3569,-2.934
-1.722,-0.70803,0.98604,-1.831,2.0102,2.3643,-2.9339
-1.7131,-0.70569,0.98507,-1.8314,2.0062,2.3717,-2.9336
-1.7043,-0.70351,0.98414,-1.8319,2.0022,2.3791,-2.9331
-1.6955,-0.70149,0.98325,-1.8324,1.9983,2.3865,-2.9326
-1.6868,-0.69966,0.9824,-1.8328,1.9945,2.3938,-2.9318
-1.6782,-0.69802,0.98159,-1.8333,1.9906,2.4011,-2.9309
-1.6697,-0.69658,0.98082,-1.8337,1.9868,2.4084,-2.9298
-1.6613,-0.69538,0.9801,-1.8342,1.9831,2.4155,-2.9286
-1.653,-0.69441,0.97943,-1.8346,1.9795,2.4226,-2.9271
-1.6449,-0.69369,0.97881,-1.8351,1.9759,2.4296,-2.9255
-1.6369,-0.69323,0.97824,-1.8355,1.9725,2.4365,-2.9236
-1.6291,-0.69306,0.97773,-1.836,1.9691,2.4432,-2.9216
-1.6215,-0.69318,0.97727,-1.8365,1.9659,2.4499,-2.9194
-1.6141,-0.69361,0.97687,-1.837,1.9628,2.4563,-2.9169
-1.6069,-0.69435,0.97654,-1.8375,1.9598,2.4627,-2.9142
-1.5999,-0.69544,0.97626,-1.838,1.9569,2.4689,-2.9113
-1.5932,-0.69688,0.97605,-1.8386,1.9542,2.4748,-2.9082
-1.5867,-0.69868,0.97591,-1.8391,1.9517,2.4806,-2.9048
-1.5804,-0.70085,0.97583,-1.8397,1.9493,2.4863,-2.9012
-1.5745,-0.70343,0.97583,-1.8403,1.9471,2.4916,-2.8973
-1.5687,-0.70648,0.9759,-1.841,1.9451,2.4969,-2.8931
-1.5631,-0.70993,0.97605,-1.8417,1.9432,2.502,-2.8886
-1.5579,-0.71377,0.97626,-1.8424,1.9415,2.5069,-2.8838
-1.5529,-0.71795,0.97655,-1.8431,1.94,2.5115,-2.8788
-1.5482,-0.72246,0.97691,-1.8438,1.9386,2.516,-2.8737
-1.5437,-0.72726,0.97734,-1.8446,1.9374,2.5203,-2.8683
-1.5395,-0.73234,0.97783,-1.8453,1.9363,2.5244,-2.8628
-1.5355,-0.73767,0.97838,-1.8461,1.9353,2.5284,-2.857
-1.5317,-0.74323,0.97899,-1.8468,1.9344,2.5322,-2.8512
-1.5281,-0.74897,0.97966,-1.8476,1.9337,2.5359,-2.8452
-1.5246,-0.75489,0.98039,-1.8483,1.933,2.5395,-2.8391
-1.5214,-0.76096,0.98117,-1.849,1.9324,2.5429,-2.8329
-1.5183,-0.76714,0.982,-1.8498,1.9318,2.5463,-2.8266
-1.5153,-0.77342,0.98288,-1.8504,1.9314,2.5495,-2.8202
-1.5125,-0.77977,0.98381,-1.8511,1.9309,2.5527,-2.8138
-1.5098,-0.78616,0.98479,-1.8518,1.9305,2.5559,-2.8074
-1.5072,-0.79256,0.98581,-1.8524,1.9301,2.5589,-2.8009
-1.5047,-0.79896,0.98688,-1.853,1.9298,2.5619,-2.7944
-1.5023,-0.80533,0.98798,-1.8535,1.9294,2.5649,-2.7879
-1.5,-0.81163,0.98912,-1.854,1.929,2.5679,-2.7815
-1.4977,-0.81785,0.9903,-1.8545,1.9286,2.5708,-2.775
-1.4954,-0.82396,0.99151,-1.8549,1.9282,2.5738,-2.7687
-1.4933,-0.82992,0.99276,-1.8553,1.9277,2.5768,-2.7624
-1.4911,-0.83573,0.99403,-1.8556,1.9272,2.5798,-2.7562
-1.4889,-0.84135,0.99533,-1.8558,1.9266,2.5828,-2.7501
-1.4867,-0.84676,0.99665,-1.856,1.9259,2.5858,-2.7441
-1.4846,-0.85192,0.998,-1.8561,1.9251,2.589,-2.7383
-1.4824,-0.8567,0.99934,-1.8562,1.9243,2.5921,-2.7327
-1.4803,-0.86124,1.0007,-1.8562,1.9234,2.5953,-2.7273
-1.4781,-0.86555,1.0021,-1.8561,1.9223,2.5985,-2.722
-1.4759,-0.86964,1.0035,-1.8559,1.9212,2.6018,-2.7167
-1.4737,-0.87353,1.0049,-1.8557,1.9199,2.6051,-2.7115
-1.4714,-0.87723,1.0064,-1.8554,1.9185,2.6085,-2.7064
-1.4692,-0.88075,1.0078,-1.855,1.917,2.6119,-2.7013
-1.467,-0.8841,1.0093,-1.8546,1.9154,2.6154,-2.6962
-1.4648,-0.8873,1.0109,-1.8541,1.9136,2.6189,-2.6911
-1.4626,-0.89035,1.0125,-1.8535,1.9117,2.6225,-2.686
-1.4603,-0.89326,1.0141,-1.8528,1.9096,2.6261,-2.6809
-1.4581,-0.89606,1.0157,-1.852,1.9073,2.6297,-2.6756
-1.456,-0.89875,1.0173,-1.8512,1.9049,2.6334,-2.6703
-1.4538,-0.90134,1.019,-1.8503,1.9023,2.6371,-2.6649
-1.4516,-0.90385,1.0208,-1.8493,1.8996,2.6408,-2.6594
-1.4495,-0.90629,1.0226,-1.8482,1.8966,2.6445,-2.6538
-1.4474,-0.90866,1.0244,-1.847,1.8935,2.6483,-2.648
-1.4454,-0.91098,1.0262,-1.8457,1.8902,2.652,-2.642
-1.4433,-0.91327,1.0281,-1.8443,1.8867,2.6558,-2.6358
-1.4413,-0.91553,1.03,-1.8429,1.8829,2.6596,-2.6295
-1.4394,-0.91778,1.032,-1.8413,1.879,2.6634,-2.6229
-1.4375,-0.92003,1.034,-1.8397,1.8748,2.6672,-2.616
-1.4356,-0.92228,1.0361,-1.838,1.8704,2.6709,-2.6089
-1.4338,-0.92456,1.0382,-1.8361,1.8658,2.6747,-2.6015
-1.432,-0.92688,1.0403,-1.8342,1.861,2.6785,-2.5939
-1.4303,-0.92924,1.0425,-1.8322,1.8559,2.6823,-2.5859
-1.4287,-0.93165,1.0448,-1.83,1.8505,2.6861,-2.5775
-1.4271,-0.93414,1.0471,-1.8278,1.8449,2.6898,-2.5688
-1.4256,-0.93671,1.0494,-1.8254,1.8391,2.6935,-2.5598
-1.4242,-0.93937,1.0518,-1.823,1.8329,2.6973,-2.5503
-1.4228,-0.94214,1.0543,-1.8204,1.8265,2.7009,-2.5404
-1.4216,-0.94502,1.0568,-1.8178,1.8199,2.7046,-2.5302
-1.4203,-0.94804,1.0594,-1.815,1.8129,2.7082,-2.5194
-1.4192,-0.95118,1.062,-1.8121,1.8057,2.7118,-2.5082
-1.4182,-0.95445,1.0646,-1.8091,1.7982,2.7154,-2.4967
-1.4172,-0.95782,1.0673,-1.8061,1.7905,2.7189,-2.4848
-1.4163,-0.96127,1.07,-1.803,1.7827,2.7224,-2.4726
-1.4155,-0.96477,1.0728,-1.7998,1.7747,2.7258,-2.4603
-1.4147,-0.96832,1.0755,-1.7967,1.7667,2.7291,-2.4478
-1.4141,-0.97188,1.0782,-1.7935,1.7586,2.7323,-2.4353
-1.4134,-0.97546,1.0809,-1.7903,1.7506,2.7355,-2.4228
-1.4128,-0.97903,1.0835,-1.7871,1.7425,2.7386,-2.4103
-1.4123,-0.98257,1.0861,-1.784,1.7346,2.7416,-2.3979
-1.4118,-0.98607,1.0887,-1.7809,1.7267,2.7445,-2.3857
-1.4114,-0.98952,1.0912,-1.7778,1.719,2.7473,-2.3736
-1.411,-0.99291,1.0937,-1.7748,1.7114,2.75,-2.3618
-1.4106,-0.99623,1.096,-1.7719,1.704,2.7526,-2.3503
-1.4103,-0.99945,1.0984,-1.7691,1.6968,2.7551,-2.339
-1.41,-1.0026,1.1006,-1.7663,1.6898,2.7575,-2.3281
-1.4098,-1.0056,1.1027,-1.7637,1.683,2.7598,-2.3176
-1.4095,-1.0085,1.1048,-1.7611,1.6765,2.7619,-2.3075
-1.4093,-1.0113,1.1067,-1.7587,1.6703,2.764,-2.2977
-1.4092,-1.014,1.1086,-1.7563,1.6643,2.7659,-2.2885
-1.409,-1.0165,1.1104,-1.7541,1.6587,2.7677,-2.2797
-1.4089,-1.0189,1.112,-1.752,1.6534,2.7694,-2.2713
-1.4088,-1.0212,1.1136,-1.75,1.6483,2.771,-2.2635
-1.4087,-1.0233,1.1151,-1.7482,1.6436,2.7725,-2.2561
-1.4086,-1.0253,1.1164,-1.7464,1.6392,2.7738,-2.2493
-1.4085,-1.0271,1.1177,-1.7448,1.6352,2.7751,-2.2429
-1.4085,-1.0288,1.1188,-1.7434,1.6314,2.7762,-2.2371
-1.4084,-1.0304,1.1199,-1.742,1.628,2.7773,-2.2317
-1.4084,-1.0318,1.1208,-1.7408,1.6249,2.7782,-2.2269
-1.4084,-1.033,1.1217,-1.7397,1.6221,2.779,-2.2226
-1.4084,-1.0341,1.1225,-1.7387,1.6197,2.7798,-2.2187
-1.4083,-1.0351,1.1231,-1.7379,1.6175,2.7804,-2.2153
