0,0,0,0,0,0,0
7.6971e-06,1.9808e-06,-1.1322e-05,-3.007e-06,-1.2055e-06,3.1094e-06,-5.7586e-06
3.0679e-05,7.8935e-06,-4.5125e-05,-1.1981e-05,-4.806e-06,1.239e-05,-2.2949e-05
6.8781e-05,1.7694e-05,-0.00010116,-2.6854e-05,-1.0777e-05,2.7771e-05,-5.1444e-05
0.00012184,3.1337e-05,-0.0001792,-4.7554e-05,-1.9095e-05,4.918e-05,-9.1116e-05
0.00018969,4.8779e-05,-0.00027898,-7.4013e-05,-2.9736e-05,7.6546e-05,-0.00014184
0.00027217,6.9976e-05,-0.00040026,-0.00010616,-4.2674e-05,0.0001098,-0.00020348
0.00036911,9.4882e-05,-0.0005428,-0.00014393,-5.7887e-05,0.00014887,-0.00027591
0.00048035,0.00012345,-0.00070636,-0.00018724,-7.535e-05,0.00019368,-0.00035902
0.00060572,0.00015565,-0.00089068,-0.00023604,-9.5039e-05,0.00024416,-0.00045266
0.00074507,0.00019142,-0.0010955,-0.00029025,-0.00011693,0.00030024,-0.00055671
0.00089822,0.00023072,-0.0013207,-0.00034979,-0.000141,0.00036185,-0.00067104
0.001065,0.00027351,-0.0015658,-0.00041461,-0.00016722,0.00042892,-0.00079553
0.0012453,0.00031974,-0.0018308,-0.00048463,-0.00019557,0.00050138,-0.00093005
0.0014389,0.00036937,-0.0021153,-0.00055978,-0.00022603,0.00057915,-0.0010745
0.0016456,0.00042236,-0.0024191,-0.00063999,-0.00025856,0.00066217,-0.0012287
0.0018653,0.00047865,-0.002742,-0.0007252,-0.00029316,0.00075035,-0.0013925
0.0020979,0.00053822,-0.0030837,-0.00081533,-0.00032978,0.00084364,-0.0015658
0.002343,0.000601,-0.0034439,-0.00091031,-0.00036842,0.00094196,-0.0017486
0.0026007,0.00066696,-0.0038225,-0.0010101,-0.00040904,0.0010452,-0.0019406
0.0028707,0.00073605,-0.0042192,-0.0011145,-0.00045162,0.0011534,-0.0021417
0.0031529,0.00080823,-0.0046337,-0.0012237,-0.00049613,0.0012664,-0.0023519
0.0034471,0.00088346,-0.0050657,-0.0013374,-0.00054256,0.0013841,-0.0025709
0.0037531,0.00096168,-0.0055152,-0.0014556,-0.00059088,0.0015065,-0.0027986
0.0040708,0.0010429,-0.0059817,-0.0015782,-0.00064106,0.0016335,-0.003035
0.0044,0.0011269,-0.0064651,-0.0017052,-0.00069307,0.001765,-0.0032799
0.0047405,0.0012139,-0.0069651,-0.0018365,-0.00074691,0.001901,-0.0035332
0.0050922,0.0013037,-0.0074815,-0.001972,-0.00080253,0.0020414,-0.0037947
0.0054549,0.0013962,-0.008014,-0.0021117,-0.00085993,0.0021861,-0.0040643
0.0058285,0.0014915,-0.0085624,-0.0022555,-0.00091906,0.002335,-0.0043419
0.0062127,0.0015895,-0.0091264,-0.0024032,-0.00097991,0.0024882,-0.0046274
0.0066075,0.0016901,-0.0097058,-0.002555,-0.0010425,0.0026454,-0.0049205
0.0070126,0.0017933,-0.0103,-0.0027106,-0.0011067,0.0028066,-0.0052213
0.007428,0.0018991,-0.01091,-0.00287,-0.0011725,0.0029718,-0.0055296
0.0078533,0.0020074,-0.011534,-0.0030331,-0.00124,0.0031409,-0.0058452
0.0082885,0.0021181,-0.012172,-0.0032,-0.0013091,0.0033138,-0.006168
0.0087334,0.0022313,-0.012825,-0.0033704,-0.0013798,0.0034905,-0.0064979
0.0091879,0.0023468,-0.013492,-0.0035443,-0.001452,0.0036708,-0.0068348
0.0096517,0.0024647,-0.014172,-0.0037217,-0.0015257,0.0038548,-0.0071785
0.010125,0.0025849,-0.014866,-0.0039025,-0.001601,0.0040422,-0.0075289
0.010607,0.0027073,-0.015573,-0.0040867,-0.0016777,0.0042332,-0.0078859
0.011098,0.0028319,-0.016293,-0.004274,-0.0017558,0.0044275,-0.0082494
0.011597,0.0029587,-0.017025,-0.0044646,-0.0018354,0.0046251,-0.0086192
0.012106,0.0030876,-0.01777,-0.0046583,-0.0019164,0.004826,-0.0089952
0.012622,0.0032185,-0.018528,-0.004855,-0.0019988,0.0050301,-0.0093772
0.013147,0.0033515,-0.019297,-0.0050546,-0.0020825,0.0052372,-0.0097652
0.01368,0.0034864,-0.020078,-0.0052572,-0.0021676,0.0054474,-0.010159
0.014221,0.0036233,-0.02087,-0.0054626,-0.002254,0.0056606,-0.010558
0.014769,0.0037621,-0.021674,-0.0056708,-0.0023416,0.0058766,-0.010964
0.015325,0.0039027,-0.022489,-0.0058817,-0.0024306,0.0060955,-0.011374
0.015889,0.0040451,-0.023314,-0.0060952,-0.0025207,0.0063171,-0.01179
0.016459,0.0041893,-0.02415,-0.0063112,-0.0026121,0.0065414,-0.012211
0.017037,0.0043351,-0.024996,-0.0065297,-0.0027046,0.0067683,-0.012637
0.017622,0.0044827,-0.025852,-0.0067507,-0.0027984,0.0069977,-0.013068
0.018213,0.0046319,-0.026718,-0.006974,-0.0028932,0.0072296,-0.013503
0.018811,0.0047826,-0.027594,-0.0071995,-0.0029892,0.0074638,-0.013944
0.019415,0.0049349,-0.028478,-0.0074273,-0.0030862,0.0077004,-0.014389
0.020026,0.0050886,-0.029372,-0.0076572,-0.0031844,0.0079393,-0.014838
0.020643,0.0052439,-0.030275,-0.0078892,-0.0032835,0.0081803,-0.015292
0.021265,0.0054005,-0.031186,-0.0081232,-0.0033837,0.0084234,-0.015749
0.021894,0.0055584,-0.032105,-0.0083591,-0.0034849,0.0086686,-0.016211
0.022528,0.0057177,-0.033033,-0.0085968,-0.0035871,0.0089157,-0.016677
0.023167,0.0058783,-0.033968,-0.0088364,-0.0036902,0.0091647,-0.017146
0.023812,0.00604,-0.034911,-0.0090776,-0.0037942,0.0094155,-0.01762
0.024462,0.006203,-0.035861,-0.0093205,-0.0038991,0.0096681,-0.018096
0.025116,0.0063671,-0.036818,-0.009565,-0.0040049,0.0099224,-0.018576
0.025776,0.0065322,-0.037782,-0.009811,-0.0041115,0.010178,-0.01906
0.02644,0.0066984,-0.038753,-0.010058,-0.004219,0.010436,-0.019546
0.027108,0.0068657,-0.03973,-0.010307,-0.0043273,0.010695,-0.020035
0.027781,0.0070338,-0.040713,-0.010557,-0.0044363,0.010955,-0.020528
0.028458,0.0072029,-0.041702,-0.010809,-0.0045461,0.011216,-0.021023
0.029139,0.0073729,-0.042697,-0.011061,-0.0046566,0.011479,-0.02152
0.029824,0.0075436,-0.043697,-0.011315,-0.0047679,0.011743,-0.022021
0.030512,0.0077152,-0.044702,-0.011569,-0.0048798,0.012008,-0.022523
0.031204,0.0078875,-0.045712,-0.011825,-0.0049924,0.012274,-0.023028
0.031899,0.0080604,-0.046727,-0.012081,-0.0051055,0.012541,-0.023535
0.032597,0.0082341,-0.047746,-0.012339,-0.0052194,0.012809,-0.024044
0.033298,0.0084083,-0.048769,-0.012597,-0.0053337,0.013078,-0.024554
0.034002,0.008583,-0.049796,-0.012855,-0.0054487,0.013348,-0.025067
0.034708,0.0087583,-0.050827,-0.013115,-0.0055642,0.013618,-0.025581
0.035417,0.0089341,-0.051861,-0.013374,-0.0056802,0.013889,-0.026096
0.036129,0.0091103,-0.052898,-0.013635,-0.0057967,0.01416,-0.026613
0.036842,0.0092868,-0.053938,-0.013895,-0.0059136,0.014432,-0.027131
0.037558,0.0094637,-0.054981,-0.014156,-0.006031,0.014704,-0.027651
0.038275,0.0096409,-0.056026,-0.014418,-0.0061488,0.014977,-0.028171
0.038994,0.0098183,-0.057074,-0.014679,-0.006267,0.01525,-0.028692
0.039714,0.0099959,-0.058123,-0.014941,-0.0063855,0.015523,-0.029213
0.040436,0.010174,-0.059175,-0.015202,-0.0065044,0.015796,-0.029736
0.041159,0.010352,-0.060227,-0.015464,-0.0066236,0.016069,-0.030258
0.041883,0.01053,-0.061281,-0.015725,-0.0067431,0.016342,-0.030781
0.042607,0.010708,-0.062336,-0.015987,-0.0068629,0.016615,-0.031305
0.043333,0.010886,-0.063391,-0.016248,-0.0069829,0.016888,-0.031828
0.044058,0.011063,-0.064447,-0.016509,-0.0071032,0.017161,-0.032351
0.044785,0.011241,-0.065504,-0.016769,-0.0072236,0.017433,-0.032874
0.045511,0.011419,-0.06656,-0.017029,-0.0073442,0.017705,-0.033397
0.046237,0.011596,-0.067616,-0.017288,-0.007465,0.017976,-0.033919
0.046964,0.011773,-0.068671,-0.017547,-0.0075859,0.018247,-0.034441
0.047689,0.01195,-0.069726,-0.017805,-0.0077069,0.018517,-0.034962
0.048415,0.012127,-0.07078,-0.018063,-0.0078279,0.018787,-0.035482
0.049139,0.012303,-0.071832,-0.01832,-0.0079491,0.019056,-0.036002
0.049863,0.012479,-0.072883,-0.018576,-0.0080702,0.019324,-0.03652
0.050586,0.012654,-0.073933,-0.018831,-0.0081913,0.019591,-0.037037
0.051308,0.012829,-0.07498,-0.019084,-0.0083125,0.019857,-0.037553
0.052029,0.013003,-0.076025,-0.019337,-0.0084336,0.020122,-0.038067
0.052748,0.013177,-0.077068,-0.019589,-0.0085546,0.020386,-0.038579
0.053465,0.01335,-0.078108,-0.01984,-0.0086755,0.020649,-0.03909
0.054181,0.013522,-0.079145,-0.020089,-0.0087963,0.020911,-0.039599
0.054894,0.013694,-0.080179,-0.020337,-0.008917,0.021171,-0.040106
0.055606,0.013865,-0.081209,-0.020583,-0.0090375,0.02143,-0.040611
0.056315,0.014035,-0.082236,-0.020828,-0.0091578,0.021687,-0.041114
0.057022,0.014204,-0.083259,-0.021072,-0.0092779,0.021943,-0.041614
0.057726,0.014372,-0.084278,-0.021313,-0.0093977,0.022197,-0.042112
0.058427,0.014539,-0.085292,-0.021554,-0.0095173,0.02245,-0.042608
0.059125,0.014705,-0.086301,-0.021792,-0.0096366,0.022701,-0.0431
0.059821,0.014871,-0.087306,-0.022028,-0.0097556,0.02295,-0.04359
0.060513,0.015035,-0.088306,-0.022263,-0.0098743,0.023197,-0.044076
0.061201,0.015198,-0.0893,-0.022496,-0.0099926,0.023442,-0.04456
0.061886,0.01536,-0.090288,-0.022726,-0.010111,0.023685,-0.04504
0.062567,0.01552,-0.091271,-0.022955,-0.010228,0.023926,-0.045517
0.063244,0.01568,-0.092248,-0.023181,-0.010345,0.024165,-0.045991
0.063917,0.015838,-0.093218,-0.023405,-0.010462,0.024402,-0.04646
0.064586,0.015994,-0.094181,-0.023627,-0.010578,0.024636,-0.046926
0.065251,0.01615,-0.095138,-0.023846,-0.010694,0.024868,-0.047389
0.06591,0.016303,-0.096088,-0.024063,-0.010809,0.025098,-0.047847
0.066566,0.016456,-0.09703,-0.024277,-0.010923,0.025325,-0.048301
0.067216,0.016607,-0.097965,-0.024489,-0.011037,0.025549,-0.04875
0.067861,0.016756,-0.098892,-0.024698,-0.011151,0.025771,-0.049196
0.068501,0.016903,-0.09981,-0.024905,-0.011263,0.025989,-0.049636
0.069135,0.017049,-0.10072,-0.025108,-0.011376,0.026206,-0.050073
0.069764,0.017194,-0.10162,-0.025309,-0.011487,0.026419,-0.050504
0.070387,0.017336,-0.10252,-0.025506,-0.011598,0.026629,-0.05093
0.071004,0.017477,-0.1034,-0.025701,-0.011708,0.026836,-0.051352
0.071615,0.017616,-0.10427,-0.025893,-0.011817,0.02704,-0.051768
0.07222,0.017753,-0.10514,-0.026081,-0.011926,0.027241,-0.052179
0.072818,0.017888,-0.10599,-0.026266,-0.012033,0.027439,-0.052584
0.07341,0.018021,-0.10684,-0.026448,-0.01214,0.027633,-0.052984
0.073995,0.018152,-0.10768,-0.026627,-0.012246,0.027824,-0.053379
0.074573,0.018281,-0.1085,-0.026802,-0.012352,0.028012,-0.053767
0.075145,0.018408,-0.10931,-0.026973,-0.012456,0.028196,-0.05415
0.075709,0.018532,-0.11012,-0.027141,-0.012559,0.028376,-0.054526
0.076265,0.018655,-0.11091,-0.027306,-0.012662,0.028553,-0.054896
0.076814,0.018775,-0.11169,-0.027466,-0.012763,0.028726,-0.05526
0.077356,0.018893,-0.11246,-0.027623,-0.012864,0.028895,-0.055618
0.077889,0.019009,-0.11321,-0.027776,-0.012963,0.029061,-0.055969
0.078414,0.019122,-0.11396,-0.027925,-0.013062,0.029222,-0.056313
0.078931,0.019233,-0.11469,-0.028071,-0.013159,0.029379,-0.056651
0.07944,0.019341,-0.11541,-0.028212,-0.013255,0.029532,-0.056981
0.079941,0.019447,-0.11611,-0.028348,-0.013351,0.029681,-0.057305
0.080432,0.01955,-0.11681,-0.028481,-0.013445,0.029826,-0.057621
0.080915,0.019651,-0.11748,-0.02861,-0.013538,0.029967,-0.05793
0.081388,0.019749,-0.11815,-0.028734,-0.013629,0.030103,-0.058231
0.081853,0.019845,-0.1188,-0.028853,-0.01372,0.030234,-0.058525
0.082308,0.019937,-0.11944,-0.028968,-0.013809,0.030361,-0.058811
0.082754,0.020027,-0.12006,-0.029079,-0.013897,0.030484,-0.059089
0.08319,0.020114,-0.12067,-0.029185,-0.013984,0.030602,-0.05936
0.083616,0.020199,-0.12126,-0.029286,-0.01407,0.030715,-0.059622
0.084032,0.02028,-0.12184,-0.029383,-0.014154,0.030823,-0.059876
0.084438,0.020358,-0.1224,-0.029475,-0.014237,0.030926,-0.060121
0.084833,0.020434,-0.12295,-0.029562,-0.014318,0.031025,-0.060359
0.085218,0.020506,-0.12348,-0.029643,-0.014398,0.031118,-0.060587
0.085592,0.020575,-0.124,-0.02972,-0.014477,0.031206,-0.060807
0.085956,0.020641,-0.1245,-0.029792,-0.014554,0.03129,-0.061018
0.086308,0.020704,-0.12498,-0.029859,-0.01463,0.031367,-0.06122
0.08665,0.020764,-0.12544,-0.02992,-0.014704,0.03144,-0.061412
0.08698,0.02082,-0.12589,-0.029976,-0.014777,0.031507,-0.061596
0.087298,0.020873,-0.12632,-0.030026,-0.014848,0.031569,-0.06177
0.087605,0.020923,-0.12674,-0.030072,-0.014917,0.031625,-0.061935
0.0879,0.02097,-0.12713,-0.030111,-0.014985,0.031676,-0.06209
0.088183,0.021013,-0.12751,-0.030145,-0.015052,0.031721,-0.062235
0.088454,0.021052,-0.12787,-0.030173,-0.015117,0.03176,-0.06237
0.088712,0.021088,-0.12821,-0.030196,-0.01518,0.031793,-0.062496
0.088959,0.02112,-0.12853,-0.030213,-0.015241,0.031821,-0.062611
0.089192,0.021149,-0.12883,-0.030224,-0.015301,0.031842,-0.062716
0.089413,0.021174,-0.12911,-0.030229,-0.015359,0.031858,-0.06281
0.08962,0.021195,-0.12938,-0.030228,-0.015415,0.031867,-0.062894
0.089815,0.021213,-0.12962,-0.030221,-0.015469,0.03187,-0.062968
0.089996,0.021227,-0.12984,-0.030207,-0.015522,0.031867,-0.06303
0.090164,0.021237,-0.13005,-0.030188,-0.015573,0.031858,-0.063082
0.090318,0.021243,-0.13023,-0.030162,-0.015622,0.031842,-0.063122
0.090458,0.021245,-0.13039,-0.03013,-0.015669,0.03182,-0.063152
0.090585,0.021243,-0.13053,-0.030091,-0.015714,0.031791,-0.06317
0.090697,0.021237,-0.13065,-0.030046,-0.015757,0.031756,-0.063177
0.090795,0.021227,-0.13075,-0.029995,-0.015798,0.031714,-0.063172
0.090878,0.021213,-0.13083,-0.029936,-0.015838,0.031665,-0.063155
0.090947,0.021195,-0.13088,-0.029871,-0.015875,0.03161,-0.063127
0.091001,0.021173,-0.13091,-0.0298,-0.01591,0.031548,-0.063087
0.09104,0.021146,-0.13092,-0.029721,-0.015943,0.031478,-0.063035
0.091065,0.021115,-0.13091,-0.029635,-0.015974,0.031402,-0.06297
0.091073,0.02108,-0.13087,-0.029543,-0.016003,0.031318,-0.062893
0.091067,0.021041,-0.13081,-0.029443,-0.01603,0.031228,-0.062804
0.091044,0.020997,-0.13073,-0.029336,-0.016055,0.03113,-0.062702
0.091006,0.020948,-0.13062,-0.029223,-0.016078,0.031025,-0.062588
0.090952,0.020895,-0.13049,-0.029101,-0.016098,0.030912,-0.06246
0.090882,0.020838,-0.13034,-0.028973,-0.016116,0.030792,-0.06232
0.090796,0.020776,-0.13016,-0.028837,-0.016132,0.030664,-0.062167
0.090693,0.020709,-0.12996,-0.028693,-0.016146,0.030529,-0.062
0.090574,0.020637,-0.12973,-0.028542,-0.016157,0.030386,-0.06182
0.090438,0.020561,-0.12947,-0.028384,-0.016166,0.030236,-0.061627
0.090285,0.02048,-0.12919,-0.028218,-0.016173,0.030078,-0.06142
0.090115,0.020394,-0.12889,-0.028044,-0.016178,0.029911,-0.061199
0.089928,0.020304,-0.12856,-0.027862,-0.016179,0.029737,-0.060965
0.089723,0.020208,-0.1282,-0.027672,-0.016179,0.029555,-0.060716
0.089501,0.020108,-0.12782,-0.027474,-0.016176,0.029365,-0.060454
0.089261,0.020002,-0.1274,-0.027269,-0.016171,0.029166,-0.060177
0.089003,0.019892,-0.12697,-0.027055,-0.016163,0.028959,-0.059885
0.088727,0.019776,-0.1265,-0.026833,-0.016153,0.028744,-0.05958
0.088432,0.019655,-0.12601,-0.026602,-0.01614,0.028521,-0.059259
0.08812,0.01953,-0.12549,-0.026364,-0.016125,0.028289,-0.058924
0.087789,0.019398,-0.12494,-0.026117,-0.016107,0.028049,-0.058575
0.087439,0.019262,-0.12437,-0.025861,-0.016086,0.0278,-0.05821
0.08707,0.01912,-0.12377,-0.025597,-0.016063,0.027542,-0.05783
0.086682,0.018973,-0.12313,-0.025325,-0.016037,0.027276,-0.057434
0.086682,0.018973,-0.12313,-0.025325,-0.016037,0.027276,-0.057434
0.086287,0.018824,-0.12249,-0.02505,-0.01601,0.027006,-0.057034
0.085894,0.018676,-0.12185,-0.024775,-0.015983,0.026738,-0.056635
0.085503,0.018528,-0.12121,-0.024502,-0.015956,0.026471,-0.056238
0.085114,0.01838,-0.12058,-0.02423,-0.01593,0.026205,-0.055843
0.084728,0.018233,-0.11995,-0.02396,-0.015904,0.02594,-0.05545
0.084343,0.018086,-0.11932,-0.02369,-0.015878,0.025676,-0.055059
0.083961,0.01794,-0.1187,-0.023422,-0.015852,0.025413,-0.054669
0.08358,0.017794,-0.11808,-0.023155,-0.015826,0.025151,-0.054282
0.083202,0.017649,-0.11746,-0.022889,-0.015801,0.024891,-0.053896
0.082826,0.017504,-0.11684,-0.022624,-0.015776,0.024631,-0.053513
0.082452,0.01736,-0.11623,-0.02236,-0.015751,0.024373,-0.053131
0.08208,0.017216,-0.11562,-0.022098,-0.015726,0.024116,-0.052751
0.08171,0.017073,-0.11502,-0.021836,-0.015702,0.02386,-0.052373
0.081343,0.01693,-0.11442,-0.021576,-0.015677,0.023605,-0.051997
0.080977,0.016788,-0.11382,-0.021317,-0.015653,0.023351,-0.051623
0.080614,0.016646,-0.11322,-0.021059,-0.015629,0.023098,-0.051251
0.080252,0.016504,-0.11263,-0.020802,-0.015605,0.022846,-0.050881
0.079893,0.016363,-0.11204,-0.020547,-0.015582,0.022595,-0.050512
0.079536,0.016223,-0.11146,-0.020293,-0.015558,0.022346,-0.050146
0.079181,0.016083,-0.11087,-0.020039,-0.015535,0.022097,-0.049781
0.078828,0.015943,-0.11029,-0.019787,-0.015512,0.02185,-0.049419
0.078477,0.015804,-0.10972,-0.019537,-0.01549,0.021604,-0.049058
0.078128,0.015666,-0.10914,-0.019287,-0.015467,0.021359,-0.048699
0.077782,0.015528,-0.10857,-0.019038,-0.015445,0.021115,-0.048342
0.077437,0.01539,-0.10801,-0.018791,-0.015423,0.020872,-0.047987
0.077095,0.015253,-0.10744,-0.018545,-0.015401,0.02063,-0.047634
0.076754,0.015116,-0.10688,-0.0183,-0.015379,0.020389,-0.047282
0.076416,0.01498,-0.10633,-0.018056,-0.015357,0.02015,-0.046933
0.07608,0.014844,-0.10577,-0.017813,-0.015336,0.019911,-0.046585
0.075746,0.014709,-0.10522,-0.017572,-0.015315,0.019674,-0.04624
0.075414,0.014574,-0.10467,-0.017332,-0.015294,0.019437,-0.045896
0.075085,0.01444,-0.10413,-0.017092,-0.015273,0.019202,-0.045554
0.074757,0.014306,-0.10359,-0.016854,-0.015253,0.018968,-0.045214
0.074431,0.014173,-0.10305,-0.016618,-0.015233,0.018735,-0.044876
0.074108,0.01404,-0.10251,-0.016382,-0.015213,0.018503,-0.04454
0.073787,0.013908,-0.10198,-0.016147,-0.015193,0.018272,-0.044206
0.073467,0.013776,-0.10145,-0.015914,-0.015173,0.018042,-0.043874
0.07315,0.013644,-0.10093,-0.015682,-0.015154,0.017814,-0.043543
0.072835,0.013513,-0.10041,-0.015451,-0.015134,0.017586,-0.043215
0.072522,0.013383,-0.099886,-0.015221,-0.015115,0.01736,-0.042888
0.072212,0.013253,-0.09937,-0.014993,-0.015096,0.017135,-0.042564
0.071903,0.013123,-0.098858,-0.014765,-0.015078,0.01691,-0.042241
0.071596,0.012994,-0.098348,-0.014539,-0.015059,0.016687,-0.04192
0.071292,0.012865,-0.097842,-0.014314,-0.015041,0.016465,-0.041601
0.070989,0.012737,-0.097338,-0.01409,-0.015023,0.016244,-0.041284
0.070689,0.01261,-0.096838,-0.013867,-0.015005,0.016025,-0.040969
0.070391,0.012483,-0.096342,-0.013645,-0.014987,0.015806,-0.040655
0.070095,0.012356,-0.095848,-0.013425,-0.01497,0.015588,-0.040344
0.069801,0.01223,-0.095357,-0.013206,-0.014953,0.015372,-0.040035
0.069509,0.012104,-0.09487,-0.012987,-0.014936,0.015156,-0.039727
0.06922,0.011979,-0.094386,-0.01277,-0.014919,0.014942,-0.039421
0.068932,0.011854,-0.093905,-0.012555,-0.014902,0.014729,-0.039117
0.068646,0.01173,-0.093427,-0.01234,-0.014886,0.014517,-0.038816
0.068363,0.011606,-0.092952,-0.012127,-0.01487,0.014306,-0.038516
0.068082,0.011482,-0.092481,-0.011914,-0.014854,0.014096,-0.038218
0.067803,0.011359,-0.092013,-0.011703,-0.014838,0.013887,-0.037921
0.067526,0.011237,-0.091548,-0.011493,-0.014822,0.01368,-0.037627
0.067251,0.011115,-0.091086,-0.011284,-0.014807,0.013473,-0.037335
0.066978,0.010994,-0.090627,-0.011077,-0.014792,0.013268,-0.037044
0.066707,0.010873,-0.090172,-0.01087,-0.014777,0.013063,-0.036756
0.066438,0.010752,-0.089719,-0.010665,-0.014762,0.01286,-0.036469
0.066172,0.010632,-0.08927,-0.010461,-0.014747,0.012658,-0.036184
0.065907,0.010512,-0.088824,-0.010258,-0.014733,0.012457,-0.035901
0.065645,0.010393,-0.088381,-0.010056,-0.014719,0.012257,-0.03562
0.065385,0.010275,-0.087942,-0.0098557,-0.014705,0.012058,-0.035341
0.065127,0.010157,-0.087505,-0.0096563,-0.014691,0.01186,-0.035064
0.064871,0.010039,-0.087072,-0.009458,-0.014677,0.011663,-0.034789
0.064617,0.0099218,-0.086642,-0.009261,-0.014664,0.011468,-0.034515
0.064365,0.0098051,-0.086215,-0.009065,-0.014651,0.011273,-0.034244
0.064115,0.0096888,-0.085791,-0.0088703,-0.014638,0.01108,-0.033974
0.063868,0.0095731,-0.085371,-0.0086767,-0.014625,0.010888,-0.033707
0.063622,0.0094578,-0.084953,-0.0084843,-0.014613,0.010697,-0.033441
0.063379,0.009343,-0.084539,-0.008293,-0.0146,0.010507,-0.033177
0.063138,0.0092286,-0.084128,-0.0081029,-0.014588,0.010318,-0.032915
0.062899,0.0091147,-0.08372,-0.007914,-0.014576,0.01013,-0.032655
0.062662,0.0090014,-0.083316,-0.0077263,-0.014564,0.009943,-0.032397
0.062427,0.0088884,-0.082914,-0.0075397,-0.014553,0.0097574,-0.03214
0.062194,0.008776,-0.082516,-0.0073543,-0.014542,0.0095728,-0.031886
0.061963,0.008664,-0.082121,-0.00717,-0.01453,0.0093894,-0.031634
0.061735,0.0085526,-0.081729,-0.006987,-0.01452,0.009207,-0.031383
0.061508,0.0084415,-0.08134,-0.0068051,-0.014509,0.0090258,-0.031134
0.061284,0.008331,-0.080955,-0.0066243,-0.014498,0.0088457,-0.030888
0.061061,0.0082209,-0.080572,-0.0064448,-0.014488,0.0086666,-0.030643
0.060841,0.0081114,-0.080193,-0.0062664,-0.014478,0.0084887,-0.0304
0.060623,0.0080022,-0.079817,-0.0060891,-0.014468,0.0083119,-0.030159
0.060407,0.0078936,-0.079444,-0.0059131,-0.014458,0.0081361,-0.029919
0.060193,0.0077855,-0.079075,-0.0057382,-0.014449,0.0079615,-0.029682
0.059982,0.0076778,-0.078708,-0.0055645,-0.01444,0.007788,-0.029447
0.059772,0.0075706,-0.078345,-0.0053919,-0.01443,0.0076156,-0.029213
0.059565,0.0074638,-0.077985,-0.0052205,-0.014422,0.0074442,-0.028982
0.059359,0.0073576,-0.077628,-0.0050503,-0.014413,0.007274,-0.028752
0.059156,0.0072518,-0.077274,-0.0048812,-0.014404,0.0071049,-0.028524
0.058955,0.0071465,-0.076924,-0.0047134,-0.014396,0.0069369,-0.028298
0.058756,0.0070416,-0.076576,-0.0045466,-0.014388,0.00677,-0.028074
0.058559,0.0069373,-0.076232,-0.0043811,-0.01438,0.0066041,-0.027852
0.058364,0.0068334,-0.075891,-0.0042167,-0.014373,0.0064394,-0.027632
0.058171,0.00673,-0.075553,-0.0040535,-0.014365,0.0062758,-0.027414
0.05798,0.006627,-0.075219,-0.0038915,-0.014358,0.0061133,-0.027198
0.057792,0.0065246,-0.074887,-0.0037306,-0.014351,0.0059519,-0.026983
0.057605,0.0064226,-0.074559,-0.0035709,-0.014344,0.0057916,-0.026771
0.057421,0.0063211,-0.074234,-0.0034124,-0.014337,0.0056324,-0.02656
0.057239,0.0062201,-0.073912,-0.003255,-0.014331,0.0054743,-0.026351
0.057059,0.0061195,-0.073593,-0.0030988,-0.014325,0.0053173,-0.026144
0.056881,0.0060194,-0.073278,-0.0029438,-0.014319,0.0051614,-0.025939
0.056705,0.0059198,-0.072965,-0.0027899,-0.014313,0.0050066,-0.025736
0.056531,0.0058207,-0.072656,-0.0026372,-0.014307,0.0048529,-0.025535
0.056359,0.005722,-0.07235,-0.0024857,-0.014302,0.0047003,-0.025336
0.05619,0.0056238,-0.072047,-0.0023353,-0.014297,0.0045488,-0.025138
0.056022,0.0055261,-0.071747,-0.0021861,-0.014292,0.0043984,-0.024943
0.055857,0.0054289,-0.071451,-0.0020381,-0.014287,0.0042491,-0.024749
0.055694,0.0053321,-0.071158,-0.0018913,-0.014282,0.0041009,-0.024558
0.055532,0.0052359,-0.070867,-0.0017456,-0.014278,0.0039538,-0.024368
0.055373,0.0051401,-0.07058,-0.0016011,-0.014274,0.0038079,-0.02418
0.055216,0.0050447,-0.070297,-0.0014577,-0.01427,0.003663,-0.023994
0.055062,0.0049499,-0.070016,-0.0013155,-0.014266,0.0035192,-0.02381
0.054909,0.0048555,-0.069739,-0.0011745,-0.014262,0.0033765,-0.023628
0.054758,0.0047616,-0.069464,-0.0010347,-0.014259,0.0032349,-0.023448
0.05461,0.0046682,-0.069193,-0.00089602,-0.014256,0.0030945,-0.023269
0.054463,0.0045752,-0.068926,-0.00075851,-0.014253,0.0029551,-0.023093
0.054319,0.0044827,-0.068661,-0.00062218,-0.01425,0.0028168,-0.022918
0.054177,0.0043907,-0.068399,-0.00048701,-0.014247,0.0026796,-0.022746
0.054037,0.0042992,-0.068141,-0.00035301,-0.014245,0.0025436,-0.022575
0.053899,0.0042081,-0.067886,-0.00022018,-0.014243,0.0024086,-0.022406
0.053763,0.0041176,-0.067634,-8.8517e-05,-0.014241,0.0022747,-0.022239
0.053629,0.0040275,-0.067385,4.1977e-05,-0.014239,0.002142,-0.022074
0.053498,0.0039378,-0.06714,0.0001713,-0.014238,0.0020103,-0.021911
0.053368,0.0038487,-0.066897,0.00029946,-0.014236,0.0018798,-0.02175
0.053241,0.00376,-0.066658,0.00042645,-0.014235,0.0017503,-0.02159
0.053115,0.0036718,-0.066422,0.00055227,-0.014234,0.0016219,-0.021433
0.052992,0.0035841,-0.066189,0.00067692,-0.014233,0.0014947,-0.021277
0.052871,0.0034968,-0.065959,0.0008004,-0.014233,0.0013685,-0.021123
0.052752,0.00341,-0.065733,0.00092272,-0.014233,0.0012435,-0.020972
0.052635,0.0033237,-0.065509,0.0010439,-0.014232,0.0011195,-0.020822
0.05252,0.0032379,-0.065289,0.0011638,-0.014233,0.00099668,-0.020674
0.052408,0.0031526,-0.065072,0.0012827,-0.014233,0.00087493,-0.020528
0.052297,0.0030677,-0.064859,0.0014003,-0.014233,0.00075428,-0.020384
0.052189,0.0029833,-0.064648,0.0015168,-0.014234,0.00063474,-0.020241
0.052082,0.0028993,-0.064441,0.0016321,-0.014235,0.0005163,-0.020101
0.051978,0.0028159,-0.064236,0.0017462,-0.014236,0.00039896,-0.019963
0.051876,0.0027329,-0.064035,0.0018592,-0.014237,0.00028272,-0.019826
0.051776,0.0026504,-0.063837,0.001971,-0.014239,0.00016758,-0.019691
0.051678,0.0025684,-0.063643,0.0020816,-0.014241,5.3543e-05,-0.019559
0.051582,0.0024868,-0.063451,0.0021911,-0.014242,-5.9391e-05,-0.019428
0.051488,0.0024058,-0.063263,0.0022994,-0.014245,-0.00017122,-0.019299
0.051397,0.0023252,-0.063078,0.0024065,-0.014247,-0.00028195,-0.019172
0.051307,0.002245,-0.062896,0.0025124,-0.014249,-0.00039158,-0.019047
0.05122,0.0021654,-0.062717,0.0026172,-0.014252,-0.00050011,-0.018923
0.051135,0.0020862,-0.062541,0.0027208,-0.014255,-0.00060754,-0.018802
0.051051,0.0020075,-0.062369,0.0028233,-0.014258,-0.00071386,-0.018683
0.05097,0.0019293,-0.062199,0.0029246,-0.014262,-0.00081908,-0.018565
0.050891,0.0018516,-0.062033,0.0030247,-0.014265,-0.0009232,-0.018449
0.050814,0.0017743,-0.06187,0.0031236,-0.014269,-0.0010262,-0.018336
0.05074,0.0016975,-0.061711,0.0032214,-0.014273,-0.0011281,-0.018224
0.050667,0.0016212,-0.061554,0.003318,-0.014277,-0.001229,-0.018114
0.050597,0.0015453,-0.061401,0.0034135,-0.014281,-0.0013287,-0.018006
0.050528,0.0014699,-0.061251,0.0035077,-0.014286,-0.0014273,-0.0179
0.050462,0.001395,-0.061104,0.0036009,-0.014291,-0.0015248,-0.017795
0.050398,0.0013206,-0.06096,0.0036928,-0.014296,-0.0016212,-0.017693
0.050336,0.0012467,-0.060819,0.0037836,-0.014301,-0.0017165,-0.017593
0.050276,0.0011732,-0.060682,0.0038732,-0.014306,-0.0018107,-0.017494
0.050218,0.0011002,-0.060547,0.0039616,-0.014312,-0.0019038,-0.017397
0.050162,0.0010277,-0.060416,0.0040488,-0.014318,-0.0019958,-0.017303
0.050108,0.00095564,-0.060288,0.0041349,-0.014324,-0.0020867,-0.01721
0.050057,0.00088407,-0.060164,0.0042199,-0.01433,-0.0021765,-0.017119
0.050007,0.00081298,-0.060042,0.0043036,-0.014336,-0.0022652,-0.01703
0.04996,0.00074236,-0.059924,0.0043862,-0.014343,-0.0023528,-0.016943
0.049915,0.00067221,-0.059809,0.0044676,-0.01435,-0.0024393,-0.016857
0.049871,0.00060254,-0.059697,0.0045479,-0.014357,-0.0025247,-0.016774
0.04983,0.00053335,-0.059588,0.004627,-0.014364,-0.002609,-0.016693
0.049792,0.00046463,-0.059482,0.0047049,-0.014371,-0.0026922,-0.016613
0.049755,0.00039639,-0.05938,0.0047816,-0.014379,-0.0027743,-0.016536
0.04972,0.00032862,-0.05928,0.0048572,-0.014387,-0.0028553,-0.01646
0.049687,0.00026132,-0.059184,0.0049316,-0.014395,-0.0029351,-0.016386
0.049657,0.00019451,-0.059091,0.0050049,-0.014403,-0.0030139,-0.016314
0.049629,0.00012816,-0.059002,0.0050769,-0.014411,-0.0030916,-0.016244
0.049602,6.2294e-05,-0.058915,0.0051478,-0.01442,-0.0031682,-0.016176
0.049578,-3.0991e-06,-0.058832,0.0052176,-0.014429,-0.0032437,-0.01611
0.049556,-6.8017e-05,-0.058751,0.0052861,-0.014438,-0.003318,-0.016045
0.049536,-0.00013246,-0.058674,0.0053535,-0.014447,-0.0033913,-0.015983
0.049518,-0.00019643,-0.058601,0.0054198,-0.014457,-0.0034635,-0.015922
0.049503,-0.00025992,-0.05853,0.0054848,-0.014466,-0.0035345,-0.015864
0.049489,-0.00032294,-0.058462,0.0055487,-0.014476,-0.0036045,-0.015807
0.049477,-0.00038548,-0.058398,0.0056115,-0.014486,-0.0036734,-0.015752
0.049468,-0.00044754,-0.058337,0.005673,-0.014497,-0.0037411,-0.015699
0.049461,-0.00050913,-0.058279,0.0057334,-0.014507,-0.0038078,-0.015648
0.049456,-0.00057025,-0.058224,0.0057926,-0.014518,-0.0038734,-0.015599
0.049452,-0.00063089,-0.058173,0.0058507,-0.014529,-0.0039378,-0.015552
0.049451,-0.00069106,-0.058124,0.0059076,-0.01454,-0.0040012,-0.015506
0.049453,-0.00075075,-0.058079,0.0059633,-0.014551,-0.0040634,-0.015463
0.049456,-0.00080996,-0.058037,0.0060178,-0.014562,-0.0041246,-0.015421
0.049461,-0.0008687,-0.057998,0.0060712,-0.014574,-0.0041847,-0.015382
0.049469,-0.00092697,-0.057963,0.0061234,-0.014586,-0.0042436,-0.015344
0.049478,-0.00098476,-0.05793,0.0061744,-0.014598,-0.0043015,-0.015308
0.04949,-0.0010421,-0.057901,0.0062243,-0.01461,-0.0043582,-0.015274
0.049504,-0.0010989,-0.057875,0.006273,-0.014623,-0.0044139,-0.015242
0.04952,-0.0011553,-0.057852,0.0063206,-0.014636,-0.0044684,-0.015212
0.049538,-0.0012112,-0.057832,0.0063669,-0.014649,-0.0045218,-0.015184
0.049558,-0.0012666,-0.057815,0.0064121,-0.014662,-0.0045742,-0.015158
0.04958,-0.0013215,-0.057802,0.0064562,-0.014675,-0.0046254,-0.015133
0.049604,-0.001376,-0.057792,0.006499,-0.014689,-0.0046756,-0.015111
0.049631,-0.00143,-0.057785,0.0065407,-0.014702,-0.0047246,-0.01509
0.049659,-0.0014835,-0.057781,0.0065812,-0.014716,-0.0047725,-0.015071
0.04969,-0.0015365,-0.05778,0.0066206,-0.01473,-0.0048194,-0.015054
0.049722,-0.0015891,-0.057783,0.0066588,-0.014745,-0.0048651,-0.015039
0.049757,-0.0016412,-0.057788,0.0066958,-0.014759,-0.0049097,-0.015026
0.049794,-0.0016928,-0.057797,0.0067317,-0.014774,-0.0049533,-0.015015
0.049833,-0.0017439,-0.057809,0.0067663,-0.014789,-0.0049957,-0.015006
0.049875,-0.0017946,-0.057824,0.0067999,-0.014804,-0.005037,-0.014999
0.049918,-0.0018448,-0.057843,0.0068322,-0.01482,-0.0050772,-0.014993
0.049963,-0.0018945,-0.057864,0.0068634,-0.014835,-0.0051164,-0.01499
0.050011,-0.0019437,-0.057889,0.0068934,-0.014851,-0.0051544,-0.014988
0.05006,-0.0019925,-0.057917,0.0069222,-0.014867,-0.0051913,-0.014988
0.050112,-0.0020408,-0.057948,0.0069499,-0.014883,-0.0052271,-0.014991
0.050166,-0.0020886,-0.057982,0.0069764,-0.014899,-0.0052618,-0.014995
0.050222,-0.0021359,-0.05802,0.0070017,-0.014916,-0.0052954,-0.015001
0.05028,-0.0021828,-0.058061,0.0070259,-0.014933,-0.0053279,-0.015009
0.05034,-0.0022291,-0.058104,0.0070489,-0.01495,-0.0053594,-0.015018
0.050402,-0.0022751,-0.058151,0.0070707,-0.014967,-0.0053897,-0.01503
0.050467,-0.0023205,-0.058202,0.0070914,-0.014984,-0.0054189,-0.015044
0.050533,-0.0023654,-0.058255,0.0071109,-0.015002,-0.005447,-0.015059
0.050602,-0.0024099,-0.058312,0.0071292,-0.01502,-0.005474,-0.015076
0.050672,-0.0024539,-0.058371,0.0071464,-0.015038,-0.0054999,-0.015096
0.050745,-0.0024975,-0.058434,0.0071624,-0.015056,-0.0055247,-0.015117
0.05082,-0.0025405,-0.0585,0.0071772,-0.015074,-0.0055484,-0.01514
0.050897,-0.0025831,-0.05857,0.0071909,-0.015093,-0.005571,-0.015165
0.050976,-0.0026252,-0.058642,0.0072033,-0.015112,-0.0055925,-0.015192
0.051057,-0.0026669,-0.058718,0.0072146,-0.015131,-0.0056129,-0.015221
0.051141,-0.002708,-0.058797,0.0072248,-0.01515,-0.0056322,-0.015251
0.051226,-0.0027487,-0.058879,0.0072338,-0.01517,-0.0056503,-0.015284
0.051314,-0.0027889,-0.058964,0.0072416,-0.015189,-0.0056674,-0.015318
0.051403,-0.0028286,-0.059052,0.0072482,-0.015209,-0.0056834,-0.015355
0.051495,-0.0028679,-0.059144,0.0072537,-0.015229,-0.0056983,-0.015393
0.051589,-0.0029067,-0.059238,0.007258,-0.015249,-0.0057121,-0.015433
0.051685,-0.002945,-0.059336,0.0072611,-0.01527,-0.0057248,-0.015475
0.051783,-0.0029828,-0.059437,0.0072631,-0.015291,-0.0057364,-0.015519
0.051883,-0.0030202,-0.059542,0.0072639,-0.015311,-0.0057468,-0.015565
0.051985,-0.003057,-0.059649,0.0072635,-0.015332,-0.0057562,-0.015613
0.05209,-0.0030935,-0.05976,0.007262,-0.015354,-0.0057645,-0.015663
0.052196,-0.0031294,-0.059874,0.0072593,-0.015375,-0.0057717,-0.015714
0.052305,-0.0031648,-0.059991,0.0072554,-0.015397,-0.0057777,-0.015768
0.052416,-0.0031998,-0.060111,0.0072504,-0.015419,-0.0057827,-0.015823
0.052528,-0.0032343,-0.060234,0.0072442,-0.015441,-0.0057866,-0.01588
0.052643,-0.0032684,-0.060361,0.0072368,-0.015463,-0.0057893,-0.01594
0.05276,-0.0033019,-0.06049,0.0072282,-0.015486,-0.005791,-0.016001
0.05288,-0.003335,-0.060623,0.0072185,-0.015508,-0.0057916,-0.016064
0.053001,-0.0033676,-0.060759,0.0072076,-0.015531,-0.005791,-0.016129
0.053124,-0.0033997,-0.060899,0.0071956,-0.015554,-0.0057894,-0.016195
0.05325,-0.0034314,-0.061041,0.0071824,-0.015578,-0.0057866,-0.016264
0.053377,-0.0034625,-0.061187,0.007168,-0.015601,-0.0057828,-0.016335
0.053507,-0.0034933,-0.061336,0.0071524,-0.015625,-0.0057778,-0.016407
0.053639,-0.0035235,-0.061488,0.0071357,-0.015649,-0.0057718,-0.016481
0.053773,-0.0035532,-0.061643,0.0071178,-0.015673,-0.0057646,-0.016558
0.053909,-0.0035825,-0.061801,0.0070987,-0.015697,-0.0057564,-0.016636
0.054047,-0.0036113,-0.061963,0.0070785,-0.015722,-0.005747,-0.016716
0.054187,-0.0036396,-0.062127,0.0070571,-0.015747,-0.0057366,-0.016798
0.054329,-0.0036675,-0.062295,0.0070345,-0.015772,-0.005725,-0.016882
0.054474,-0.0036949,-0.062466,0.0070108,-0.015797,-0.0057124,-0.016968
0.05462,-0.0037218,-0.06264,0.0069859,-0.015822,-0.0056986,-0.017055
0.054769,-0.0037482,-0.062818,0.0069598,-0.015848,-0.0056838,-0.017145
0.05492,-0.0037741,-0.062998,0.0069326,-0.015873,-0.0056678,-0.017237
0.055073,-0.0037996,-0.063182,0.0069042,-0.015899,-0.0056507,-0.01733
0.055228,-0.0038246,-0.063369,0.0068746,-0.015925,-0.0056326,-0.017425
0.055385,-0.0038491,-0.063559,0.0068438,-0.015952,-0.0056133,-0.017522
0.055544,-0.0038732,-0.063753,0.0068119,-0.015978,-0.0055929,-0.017621
0.055705,-0.0038968,-0.063949,0.0067788,-0.016005,-0.0055715,-0.017722
0.055869,-0.0039199,-0.064149,0.0067446,-0.016032,-0.0055489,-0.017825
0.056034,-0.0039425,-0.064352,0.0067092,-0.016059,-0.0055252,-0.01793
0.056202,-0.0039646,-0.064558,0.0066726,-0.016087,-0.0055004,-0.018037
0.056371,-0.0039863,-0.064767,0.0066348,-0.016114,-0.0054746,-0.018145
0.056543,-0.0040075,-0.06498,0.0065959,-0.016142,-0.0054476,-0.018256
0.056716,-0.0040285,-0.065193,0.0065563,-0.016169,-0.00542,-0.018368
0.056886,-0.0040495,-0.065404,0.0065168,-0.016193,-0.0053925,-0.018482
0.057055,-0.0040704,-0.065613,0.0064776,-0.016214,-0.0053652,-0.018596
0.057221,-0.0040913,-0.065819,0.0064385,-0.016233,-0.005338,-0.018712
0.057385,-0.0041121,-0.066023,0.0063995,-0.016249,-0.0053109,-0.018828
0.057548,-0.0041328,-0.066224,0.0063607,-0.016263,-0.005284,-0.018946
0.057708,-0.0041535,-0.066423,0.0063221,-0.016274,-0.0052572,-0.019064
0.057866,-0.0041741,-0.066619,0.0062836,-0.016282,-0.0052305,-0.019184
0.058022,-0.0041946,-0.066812,0.0062453,-0.016288,-0.005204,-0.019304
0.058175,-0.0042151,-0.067003,0.0062072,-0.016291,-0.0051775,-0.019426
0.058327,-0.0042355,-0.067192,0.0061693,-0.016292,-0.0051513,-0.019548
0.058477,-0.0042559,-0.067378,0.0061315,-0.01629,-0.0051251,-0.019672
0.058624,-0.0042762,-0.067561,0.0060938,-0.016285,-0.0050991,-0.019797
0.058769,-0.0042965,-0.067742,0.0060563,-0.016278,-0.0050732,-0.019922
0.058913,-0.0043167,-0.06792,0.006019,-0.016268,-0.0050474,-0.020049
0.059054,-0.0043368,-0.068096,0.0059819,-0.016255,-0.0050218,-0.020176
0.059193,-0.0043569,-0.06827,0.0059449,-0.01624,-0.0049963,-0.020305
0.05933,-0.0043769,-0.06844,0.0059081,-0.016222,-0.0049709,-0.020435
0.059465,-0.0043969,-0.068609,0.0058715,-0.016202,-0.0049456,-0.020565
0.059598,-0.0044168,-0.068774,0.005835,-0.016179,-0.0049205,-0.020697
0.059728,-0.0044366,-0.068938,0.0057986,-0.016153,-0.0048955,-0.02083
0.059857,-0.0044564,-0.069098,0.0057625,-0.016125,-0.0048707,-0.020963
0.059984,-0.0044761,-0.069257,0.0057265,-0.016094,-0.0048459,-0.021098
0.060108,-0.0044958,-0.069412,0.0056907,-0.01606,-0.0048213,-0.021234
0.06023,-0.0045154,-0.069565,0.005655,-0.016024,-0.0047969,-0.02137
0.060351,-0.004535,-0.069716,0.0056195,-0.015985,-0.0047725,-0.021508
0.060469,-0.0045545,-0.069864,0.0055842,-0.015944,-0.0047483,-0.021647
0.060585,-0.0045739,-0.07001,0.005549,-0.0159,-0.0047242,-0.021786
0.060699,-0.0045932,-0.070153,0.005514,-0.015853,-0.0047003,-0.021927
0.060811,-0.0046126,-0.070293,0.0054791,-0.015804,-0.0046765,-0.022069
0.06092,-0.0046318,-0.070432,0.0054445,-0.015752,-0.0046528,-0.022211
0.061028,-0.004651,-0.070567,0.0054099,-0.015698,-0.0046292,-0.022355
0.061134,-0.0046701,-0.0707,0.0053756,-0.015641,-0.0046058,-0.0225
0.061237,-0.0046892,-0.07083,0.0053414,-0.015581,-0.0045825,-0.022646
0.061338,-0.0047082,-0.070958,0.0053074,-0.015519,-0.0045593,-0.022793
0.061438,-0.0047272,-0.071084,0.0052735,-0.015454,-0.0045363,-0.02294
0.061535,-0.0047461,-0.071207,0.0052398,-0.015386,-0.0045134,-0.023089
0.06163,-0.0047649,-0.071327,0.0052063,-0.015316,-0.0044906,-0.023239
0.061723,-0.0047837,-0.071445,0.0051729,-0.015243,-0.004468,-0.02339
0.061814,-0.0048024,-0.07156,0.0051397,-0.015167,-0.0044454,-0.023542
0.061903,-0.0048211,-0.071673,0.0051067,-0.015089,-0.004423,-0.023694
0.061989,-0.0048397,-0.071783,0.0050738,-0.015009,-0.0044008,-0.023848
0.062074,-0.0048582,-0.071891,0.0050411,-0.014925,-0.0043787,-0.024003
0.062157,-0.0048767,-0.071996,0.0050086,-0.01484,-0.0043567,-0.024159
0.062237,-0.0048951,-0.072099,0.0049762,-0.014751,-0.0043348,-0.024316
0.062315,-0.0049135,-0.072199,0.004944,-0.01466,-0.004313,-0.024474
0.062392,-0.0049318,-0.072297,0.0049119,-0.014566,-0.0042914,-0.024633
0.062466,-0.00495,-0.072392,0.00488,-0.01447,-0.00427,-0.024793
0.062538,-0.0049682,-0.072485,0.0048483,-0.014371,-0.0042486,-0.024954
0.062608,-0.0049863,-0.072575,0.0048167,-0.014269,-0.0042274,-0.025115
0.062676,-0.0050044,-0.072662,0.0047854,-0.014165,-0.0042063,-0.025278
0.062741,-0.0050224,-0.072747,0.0047541,-0.014058,-0.0041853,-0.025442
0.062805,-0.0050404,-0.07283,0.0047231,-0.013948,-0.0041645,-0.025607
0.062867,-0.0050582,-0.07291,0.0046922,-0.013836,-0.0041438,-0.025773
0.062926,-0.0050761,-0.072988,0.0046614,-0.013722,-0.0041232,-0.02594
0.062984,-0.0050938,-0.073062,0.0046308,-0.013604,-0.0041028,-0.026108
0.063039,-0.0051116,-0.073135,0.0046004,-0.013484,-0.0040825,-0.026277
0.063092,-0.0051292,-0.073205,0.0045702,-0.013362,-0.0040623,-0.026447
0.063143,-0.0051468,-0.073272,0.0045401,-0.013236,-0.0040423,-0.026618
0.063192,-0.0051643,-0.073337,0.0045102,-0.013109,-0.0040224,-0.02679
0.063239,-0.0051818,-0.073399,0.0044804,-0.012978,-0.0040026,-0.026963
0.063284,-0.0051992,-0.073459,0.0044508,-0.012845,-0.0039829,-0.027137
0.063327,-0.0052166,-0.073517,0.0044214,-0.012709,-0.0039634,-0.027312
0.063367,-0.0052339,-0.073571,0.0043922,-0.012571,-0.003944,-0.027488
0.063406,-0.0052511,-0.073624,0.0043631,-0.01243,-0.0039247,-0.027666
0.063442,-0.0052683,-0.073673,0.0043341,-0.012287,-0.0039056,-0.027844
0.063476,-0.0052854,-0.073721,0.0043054,-0.01214,-0.0038866,-0.028023
0.063509,-0.0053025,-0.073765,0.0042768,-0.011992,-0.0038677,-0.028203
0.063539,-0.0053195,-0.073808,0.0042483,-0.01184,-0.0038489,-0.028384
0.063567,-0.0053364,-0.073847,0.00422,-0.011686,-0.0038303,-0.028566
0.063593,-0.0053533,-0.073884,0.0041919,-0.01153,-0.0038118,-0.028749
0.063617,-0.0053701,-0.073919,0.004164,-0.01137,-0.0037935,-0.028933
0.063638,-0.0053869,-0.073951,0.0041362,-0.011208,-0.0037752,-0.029118
0.063658,-0.0054036,-0.073981,0.0041086,-0.011044,-0.0037571,-0.029305
0.063676,-0.0054203,-0.074008,0.0040811,-0.010877,-0.0037392,-0.029492
0.063691,-0.0054369,-0.074032,0.0040538,-0.010707,-0.0037213,-0.02968
0.063705,-0.0054534,-0.074054,0.0040267,-0.010535,-0.0037036,-0.029869
0.063716,-0.0054698,-0.074074,0.0039998,-0.01036,-0.003686,-0.030059
0.063725,-0.0054863,-0.074091,0.003973,-0.010182,-0.0036686,-0.030251
0.063732,-0.0055026,-0.074105,0.0039463,-0.010002,-0.0036513,-0.030443
0.063737,-0.0055189,-0.074117,0.0039199,-0.0098191,-0.0036341,-0.030636
0.06374,-0.0055351,-0.074126,0.0038935,-0.0096337,-0.003617,-0.03083
0.063741,-0.0055513,-0.074133,0.0038674,-0.0094456,-0.0036001,-0.031025
0.06374,-0.0055674,-0.074137,0.0038414,-0.0092549,-0.0035833,-0.031222
0.063736,-0.0055835,-0.074139,0.0038156,-0.0090616,-0.0035666,-0.031419
0.063731,-0.0055995,-0.074139,0.00379,-0.0088657,-0.0035501,-0.031617
0.063723,-0.0056154,-0.074135,0.0037645,-0.0086671,-0.0035337,-0.031817
0.063713,-0.0056313,-0.07413,0.0037392,-0.008466,-0.0035174,-0.032017
0.063702,-0.0056471,-0.074121,0.003714,-0.0082622,-0.0035012,-0.032218
0.063688,-0.0056629,-0.074111,0.003689,-0.0080558,-0.0034852,-0.03242
0.063672,-0.0056786,-0.074097,0.0036642,-0.0078467,-0.0034693,-0.032624
0.063654,-0.0056942,-0.074081,0.0036395,-0.0076351,-0.0034536,-0.032828
0.063634,-0.0057098,-0.074063,0.003615,-0.0074208,-0.0034379,-0.033033
0.063611,-0.0057253,-0.074042,0.0035907,-0.0072039,-0.0034224,-0.03324
0.063587,-0.0057408,-0.074019,0.0035665,-0.0069844,-0.0034071,-0.033447
0.063561,-0.0057562,-0.073993,0.0035425,-0.0067623,-0.0033918,-0.033656
0.063532,-0.0057715,-0.073964,0.0035187,-0.0065376,-0.0033767,-0.033865
0.063502,-0.0057868,-0.073933,0.003495,-0.0063102,-0.0033618,-0.034075
0.063469,-0.005802,-0.0739,0.0034715,-0.0060802,-0.0033469,-0.034287
0.063434,-0.0058172,-0.073864,0.0034481,-0.0058476,-0.0033322,-0.034499
0.063397,-0.0058323,-0.073825,0.003425,-0.0056124,-0.0033176,-0.034713
0.063358,-0.0058474,-0.073784,0.0034019,-0.0053746,-0.0033031,-0.034927
0.063317,-0.0058624,-0.073741,0.0033791,-0.0051341,-0.0032888,-0.035142
0.063274,-0.0058773,-0.073694,0.0033564,-0.004891,-0.0032746,-0.035359
0.063228,-0.0058922,-0.073646,0.0033339,-0.0046453,-0.0032605,-0.035576
0.063181,-0.005907,-0.073595,0.0033115,-0.004397,-0.0032466,-0.035795
0.063132,-0.0059217,-0.073541,0.0032893,-0.0041461,-0.0032328,-0.036014
0.06308,-0.0059364,-0.073485,0.0032673,-0.0038925,-0.0032191,-0.036235
0.063026,-0.0059511,-0.073426,0.0032454,-0.0036363,-0.0032056,-0.036456
0.062971,-0.0059656,-0.073365,0.0032237,-0.0033775,-0.0031921,-0.036679
0.062913,-0.0059802,-0.073301,0.0032021,-0.0031161,-0.0031788,-0.036902
0.062853,-0.0059946,-0.073235,0.0031808,-0.0028521,-0.0031657,-0.037127
0.062791,-0.006009,-0.073166,0.0031596,-0.0025854,-0.0031527,-0.037352
0.062727,-0.0060233,-0.073095,0.0031385,-0.0023162,-0.0031398,-0.037579
0.06266,-0.0060376,-0.073021,0.0031176,-0.0020443,-0.003127,-0.037806
0.062592,-0.0060519,-0.072944,0.0030969,-0.0017698,-0.0031144,-0.038035
0.062522,-0.006066,-0.072865,0.0030763,-0.0014926,-0.0031018,-0.038265
0.062449,-0.0060801,-0.072784,0.0030559,-0.0012129,-0.0030895,-0.038495
0.062374,-0.0060942,-0.0727,0.0030357,-0.00093052,-0.0030772,-0.038727
0.062298,-0.0061081,-0.072614,0.0030157,-0.00064553,-0.0030651,-0.038959
0.062219,-0.0061221,-0.072525,0.0029958,-0.00035792,-0.0030531,-0.039193
0.062138,-0.0061359,-0.072433,0.002976,-6.7694e-05,-0.0030412,-0.039428
0.062055,-0.0061497,-0.072339,0.0029564,0.00022515,-0.0030295,-0.039663
0.06197,-0.0061635,-0.072242,0.002937,0.00052062,-0.0030179,-0.0399
0.061883,-0.0061772,-0.072143,0.0029178,0.0008187,-0.0030064,-0.040138
0.061793,-0.0061908,-0.072042,0.0028987,0.0011194,-0.0029951,-0.040376
0.061702,-0.0062044,-0.071938,0.0028798,0.0014227,-0.0029839,-0.040616
0.061609,-0.0062179,-0.071831,0.0028611,0.0017287,-0.0029728,-0.040857
0.061513,-0.0062313,-0.071722,0.0028425,0.0020372,-0.0029619,-0.041098
0.061415,-0.0062447,-0.07161,0.002824,0.0023484,-0.002951,-0.041341
0.061316,-0.0062581,-0.071496,0.0028058,0.0026622,-0.0029404,-0.041585
0.061214,-0.0062713,-0.071379,0.0027877,0.0029786,-0.0029298,-0.041829
0.06111,-0.0062846,-0.07126,0.0027698,0.0032977,-0.0029194,-0.042075
0.061004,-0.0062977,-0.071138,0.002752,0.0036193,-0.0029091,-0.042322
0.060896,-0.0063108,-0.071014,0.0027344,0.0039436,-0.0028989,-0.04257
0.060785,-0.0063238,-0.070887,0.002717,0.0042705,-0.0028889,-0.042818
0.060673,-0.0063368,-0.070758,0.0026997,0.0046,-0.0028789,-0.043068
0.060559,-0.0063497,-0.070626,0.0026826,0.0049322,-0.0028692,-0.043319
0.060442,-0.0063626,-0.070491,0.0026656,0.0052669,-0.0028595,-0.043571
0.060323,-0.0063754,-0.070354,0.0026489,0.0056043,-0.00285,-0.043823
0.060203,-0.0063881,-0.070215,0.0026322,0.0059443,-0.0028406,-0.044077
0.06008,-0.0064008,-0.070073,0.0026158,0.0062869,-0.0028313,-0.044332
0.059955,-0.0064135,-0.069928,0.0025995,0.0066321,-0.0028222,-0.044588
0.059828,-0.006426,-0.069781,0.0025834,0.00698,-0.0028132,-0.044845
0.059699,-0.0064385,-0.069632,0.0025674,0.0073304,-0.0028043,-0.045103
0.059568,-0.006451,-0.06948,0.0025516,0.0076835,-0.0027956,-0.045361
0.059434,-0.0064634,-0.069325,0.002536,0.0080392,-0.002787,-0.045621
0.059299,-0.0064757,-0.069168,0.0025205,0.0083976,-0.0027785,-0.045882
0.059161,-0.006488,-0.069009,0.0025052,0.0087585,-0.0027702,-0.046144
0.059022,-0.0065002,-0.068846,0.0024901,0.0091221,-0.002762,-0.046407
0.058883,-0.0065132,-0.068685,0.0024761,0.0094801,-0.0027548,-0.046665
0.058749,-0.006528,-0.068527,0.0024641,0.0098263,-0.0027497,-0.046915
0.058617,-0.0065446,-0.068372,0.0024542,0.010161,-0.0027466,-0.047155
0.05849,-0.0065629,-0.06822,0.0024463,0.010483,-0.0027455,-0.047387
0.058366,-0.006583,-0.068071,0.0024404,0.010794,-0.0027464,-0.047609
0.058245,-0.0066049,-0.067926,0.0024365,0.011093,-0.0027493,-0.047823
0.058128,-0.0066286,-0.067783,0.0024347,0.01138,-0.0027542,-0.048028
0.058015,-0.006654,-0.067644,0.002435,0.011655,-0.0027611,-0.048224
0.057905,-0.0066812,-0.067508,0.0024372,0.011918,-0.00277,-0.048411
0.057799,-0.0067102,-0.067376,0.0024415,0.01217,-0.0027809,-0.048589
0.057697,-0.0067409,-0.067246,0.0024478,0.01241,-0.0027938,-0.048758
0.057598,-0.0067735,-0.06712,0.0024561,0.012638,-0.0028088,-0.048918
0.057502,-0.0068078,-0.066996,0.0024665,0.012854,-0.0028257,-0.049069
0.057411,-0.0068438,-0.066876,0.0024789,0.013058,-0.0028447,-0.049212
0.057323,-0.0068816,-0.066759,0.0024934,0.013251,-0.0028656,-0.049345
0.057238,-0.0069212,-0.066646,0.0025098,0.013431,-0.0028886,-0.04947
0.057157,-0.0069626,-0.066535,0.0025283,0.0136,-0.0029135,-0.049585
0.05708,-0.0070058,-0.066428,0.0025489,0.013757,-0.0029405,-0.049692
0.057006,-0.0070507,-0.066324,0.0025714,0.013902,-0.0029695,-0.04979
0.056936,-0.0070974,-0.066223,0.002596,0.014035,-0.0030005,-0.049879
0.05687,-0.0071458,-0.066125,0.0026226,0.014157,-0.0030335,-0.049959
0.056807,-0.007196,-0.06603,0.0026513,0.014266,-0.0030685,-0.05003
0.056747,-0.007248,-0.065939,0.002682,0.014364,-0.0031055,-0.050092
0.056692,-0.0073018,-0.065851,0.0027147,0.01445,-0.0031445,-0.050146
0.056639,-0.0073573,-0.065766,0.0027495,0.014524,-0.0031855,-0.05019
0.056591,-0.0074147,-0.065684,0.0027862,0.014587,-0.0032285,-0.050225
0.056546,-0.0074737,-0.065605,0.0028251,0.014637,-0.0032735,-0.050252
0.056505,-0.0075346,-0.06553,0.0028659,0.014676,-0.0033206,-0.05027
0.056467,-0.0075972,-0.065457,0.0029088,0.014703,-0.0033696,-0.050278
0.056433,-0.0076616,-0.065388,0.0029537,0.014718,-0.0034207,-0.050278
0.056402,-0.0077278,-0.065322,0.0030006,0.014721,-0.0034737,-0.050269
0.056375,-0.0077957,-0.065259,0.0030496,0.014712,-0.0035288,-0.050251
0.056352,-0.0078654,-0.0652,0.0031006,0.014692,-0.0035858,-0.050224
0.056332,-0.0079369,-0.065143,0.0031536,0.014659,-0.0036449,-0.050188
0.056316,-0.0080102,-0.06509,0.0032087,0.014615,-0.003706,-0.050144
0.056303,-0.0080852,-0.06504,0.0032658,0.014559,-0.003769,-0.05009
0.056294,-0.008162,-0.064993,0.0033249,0.014492,-0.0038341,-0.050027
0.056289,-0.0082405,-0.064949,0.0033861,0.014412,-0.0039012,-0.049956
0.056287,-0.0083209,-0.064909,0.0034493,0.014321,-0.0039703,-0.049876
0.056289,-0.008403,-0.064871,0.0035145,0.014217,-0.0040414,-0.049786
0.056295,-0.0084869,-0.064837,0.0035818,0.014102,-0.0041145,-0.049688
0.056304,-0.0085725,-0.064806,0.003651,0.013975,-0.0041897,-0.049581
0.056316,-0.0086599,-0.064778,0.0037224,0.013837,-0.0042668,-0.049465
0.056332,-0.0087491,-0.064754,0.0037957,0.013686,-0.0043459,-0.04934
0.056352,-0.0088401,-0.064732,0.0038711,0.013524,-0.004427,-0.049206
0.056376,-0.0089328,-0.064714,0.0039485,0.013349,-0.0045102,-0.049063
0.056403,-0.0090273,-0.064699,0.0040279,0.013163,-0.0045953,-0.048912
0.056433,-0.0091236,-0.064687,0.0041094,0.012965,-0.0046825,-0.048751
0.056468,-0.0092217,-0.064678,0.0041929,0.012756,-0.0047716,-0.048582
0.056505,-0.0093215,-0.064673,0.0042785,0.012534,-0.0048628,-0.048403
0.056547,-0.0094231,-0.06467,0.004366,0.012301,-0.004956,-0.048216
0.056592,-0.0095264,-0.064671,0.0044556,0.012056,-0.0050512,-0.04802
0.05664,-0.0096316,-0.064675,0.0045473,0.011798,-0.0051483,-0.047814
0.056693,-0.0097385,-0.064682,0.0046409,0.01153,-0.0052475,-0.0476
0.056748,-0.0098471,-0.064693,0.0047366,0.011249,-0.0053487,-0.047377
0.056808,-0.0099576,-0.064706,0.0048343,0.010956,-0.0054519,-0.047146
0.056871,-0.01007,-0.064723,0.0049341,0.010652,-0.0055571,-0.046905
0.056937,-0.010184,-0.064743,0.0050359,0.010336,-0.0056643,-0.046655
0.057007,-0.0103,-0.064766,0.0051397,0.010008,-0.0057736,-0.046396
0.057081,-0.010417,-0.064792,0.0052455,0.0096681,-0.0058848,-0.046129
0.057159,-0.010536,-0.064822,0.0053534,0.0093165,-0.005998,-0.045852
0.05724,-0.010657,-0.064854,0.0054633,0.008953,-0.0061133,-0.045567
0.057324,-0.01078,-0.06489,0.0055753,0.0085777,-0.0062305,-0.045273
0.057412,-0.010905,-0.064929,0.0056893,0.0081906,-0.0063498,-0.04497
0.057504,-0.011031,-0.064971,0.0058053,0.0077916,-0.006471,-0.044658
0.057599,-0.011159,-0.065017,0.0059233,0.0073808,-0.0065943,-0.044337
0.057698,-0.011289,-0.065065,0.0060434,0.0069582,-0.0067195,-0.044007
0.057801,-0.011421,-0.065117,0.0061655,0.0065238,-0.0068468,-0.043668
0.057907,-0.011555,-0.065172,0.0062896,0.0060775,-0.0069761,-0.04332
0.058017,-0.01169,-0.06523,0.0064158,0.0056194,-0.0071074,-0.042963
0.05813,-0.011827,-0.065291,0.006544,0.0051495,-0.0072407,-0.042598
0.058247,-0.011966,-0.065355,0.0066742,0.0046677,-0.007376,-0.042223
0.058368,-0.012106,-0.065423,0.0068064,0.0041741,-0.0075133,-0.04184
0.058492,-0.012248,-0.065494,0.0069407,0.0036687,-0.0076526,-0.041448
0.05862,-0.012393,-0.065568,0.0070771,0.0031515,-0.0077939,-0.041046
0.058751,-0.012538,-0.065645,0.0072154,0.0026224,-0.0079372,-0.040636
0.058886,-0.012686,-0.065725,0.0073558,0.0020815,-0.0080826,-0.040217
0.059024,-0.012835,-0.065809,0.0074982,0.0015288,-0.0082299,-0.039789
0.059166,-0.012987,-0.065895,0.0076426,0.00096423,-0.0083792,-0.039353
0.059312,-0.01314,-0.065985,0.0077891,0.00038786,-0.0085306,-0.038907
0.059461,-0.013294,-0.066078,0.0079376,-0.00020035,-0.0086839,-0.038452
0.059614,-0.013451,-0.066175,0.0080882,-0.00080039,-0.0088393,-0.037989
0.059771,-0.013609,-0.066274,0.0082407,-0.0014122,-0.0089967,-0.037516
0.059931,-0.013769,-0.066377,0.0083953,-0.0020359,-0.009156,-0.037035
0.060095,-0.013931,-0.066482,0.008552,-0.0026715,-0.0093174,-0.036544
0.060262,-0.014095,-0.066591,0.0087106,-0.0033188,-0.0094808,-0.036045
0.060433,-0.01426,-0.066704,0.0088713,-0.003978,-0.0096462,-0.035537
0.060607,-0.014427,-0.066819,0.0090341,-0.004649,-0.0098136,-0.03502
0.060786,-0.014596,-0.066937,0.0091988,-0.0053318,-0.009983,-0.034494
0.060967,-0.014767,-0.067059,0.0093656,-0.0060265,-0.010154,-0.033959
0.061153,-0.014939,-0.067184,0.0095344,-0.0067329,-0.010328,-0.033415
0.061341,-0.015113,-0.067312,0.0097053,-0.0074513,-0.010503,-0.032862
0.061534,-0.015289,-0.067443,0.0098782,-0.0081814,-0.010681,-0.032301
0.06173,-0.015467,-0.067578,0.010053,-0.0089234,-0.01086,-0.03173
0.06193,-0.015646,-0.067715,0.01023,-0.0096772,-0.011041,-0.031151
0.062133,-0.015828,-0.067856,0.010409,-0.010443,-0.011225,-0.030562
0.06234,-0.016011,-0.068,0.01059,-0.01122,-0.01141,-0.029965
0.06255,-0.016196,-0.068147,0.010773,-0.01201,-0.011598,-0.029359
0.062764,-0.016382,-0.068297,0.010958,-0.012811,-0.011787,-0.028744
0.062982,-0.016571,-0.068451,0.011145,-0.013624,-0.011979,-0.02812
0.063203,-0.016761,-0.068607,0.011334,-0.014448,-0.012172,-0.027487
0.063428,-0.016953,-0.068767,0.011526,-0.015285,-0.012368,-0.026845
0.063657,-0.017146,-0.06893,0.011719,-0.016133,-0.012565,-0.026194
0.063889,-0.017342,-0.069097,0.011914,-0.016994,-0.012765,-0.025535
0.064124,-0.017539,-0.069266,0.012111,-0.017866,-0.012966,-0.024866
0.064364,-0.017738,-0.069438,0.012311,-0.01875,-0.01317,-0.024189
0.064606,-0.017939,-0.069614,0.012512,-0.019645,-0.013375,-0.023502
0.064853,-0.018141,-0.069793,0.012715,-0.020553,-0.013583,-0.022807
0.065103,-0.018346,-0.069975,0.012921,-0.021472,-0.013792,-0.022103
0.065357,-0.018552,-0.070161,0.013128,-0.022403,-0.014004,-0.02139
0.065614,-0.01876,-0.070349,0.013337,-0.023346,-0.014217,-0.020668
0.065875,-0.018969,-0.070541,0.013549,-0.024301,-0.014433,-0.019937
0.066139,-0.019181,-0.070736,0.013762,-0.025268,-0.01465,-0.019197
0.066407,-0.019394,-0.070934,0.013978,-0.026247,-0.01487,-0.018448
0.066679,-0.019609,-0.071135,0.014196,-0.027237,-0.015092,-0.01769
0.066954,-0.019825,-0.071339,0.014415,-0.028239,-0.015315,-0.016924
0.067233,-0.020044,-0.071547,0.014637,-0.029253,-0.015541,-0.016148
0.067515,-0.020264,-0.071757,0.014861,-0.030279,-0.015768,-0.015364
0.067801,-0.020486,-0.071971,0.015086,-0.031317,-0.015998,-0.014571
0.068091,-0.02071,-0.072188,0.015314,-0.032366,-0.016229,-0.013768
0.068384,-0.020936,-0.072409,0.015544,-0.033427,-0.016463,-0.012957
0.068681,-0.021163,-0.072632,0.015776,-0.034501,-0.016699,-0.012137
0.068981,-0.021392,-0.072859,0.016009,-0.035586,-0.016936,-0.011308
0.069285,-0.021623,-0.073089,0.016245,-0.036682,-0.017176,-0.01047
0.069593,-0.021856,-0.073322,0.016483,-0.037791,-0.017417,-0.0096235
0.069904,-0.02209,-0.073558,0.016723,-0.038911,-0.017661,-0.0087678
0.070219,-0.022326,-0.073797,0.016965,-0.040044,-0.017907,-0.0079032
0.070537,-0.022564,-0.07404,0.017209,-0.041188,-0.018154,-0.0070296
0.070859,-0.022804,-0.074285,0.017455,-0.042344,-0.018404,-0.0061472
0.071185,-0.023045,-0.074534,0.017703,-0.043512,-0.018656,-0.0052558
0.071514,-0.023289,-0.074786,0.017953,-0.044691,-0.018909,-0.0043556
0.071847,-0.023534,-0.075042,0.018205,-0.045883,-0.019165,-0.0034464
0.072183,-0.023781,-0.0753,0.018459,-0.047086,-0.019423,-0.0025283
0.072523,-0.024029,-0.075562,0.018715,-0.048301,-0.019682,-0.0016013
0.072867,-0.024279,-0.075827,0.018974,-0.049528,-0.019944,-0.00066537
0.073214,-0.024532,-0.076095,0.019234,-0.050767,-0.020208,0.00027946
0.073565,-0.024786,-0.076366,0.019496,-0.052017,-0.020473,0.0012332
0.073919,-0.025041,-0.07664,0.01976,-0.05328,-0.020741,0.0021959
0.074277,-0.025299,-0.076918,0.020027,-0.054554,-0.021011,0.0031674
0.074639,-0.025558,-0.077198,0.020295,-0.05584,-0.021282,0.0041479
0.075004,-0.025819,-0.077482,0.020566,-0.057138,-0.021556,0.0051373
0.075372,-0.026082,-0.077769,0.020838,-0.058447,-0.021832,0.0061356
0.075745,-0.026346,-0.07806,0.021112,-0.059769,-0.02211,0.0071428
0.076121,-0.026612,-0.078353,0.021389,-0.061102,-0.022389,0.0081589
0.0765,-0.026881,-0.07865,0.021667,-0.062448,-0.022671,0.009184
0.076883,-0.02715,-0.078949,0.021948,-0.063805,-0.022955,0.010218
0.07727,-0.027422,-0.079252,0.022231,-0.065173,-0.023241,0.011261
0.077652,-0.027691,-0.079551,0.022511,-0.066535,-0.023524,0.012299
0.078021,-0.027954,-0.079838,0.022785,-0.067869,-0.023801,0.013321
0.078378,-0.02821,-0.080113,0.023053,-0.069176,-0.024072,0.014326
0.078722,-0.028459,-0.080377,0.023314,-0.070457,-0.024336,0.015313
0.079053,-0.028702,-0.080629,0.02357,-0.071711,-0.024594,0.016284
0.079371,-0.028938,-0.08087,0.023819,-0.072939,-0.024845,0.017238
0.079677,-0.029168,-0.081099,0.024062,-0.074141,-0.02509,0.018176
0.079971,-0.029392,-0.081317,0.024298,-0.075317,-0.025329,0.019097
0.080253,-0.029609,-0.081524,0.024529,-0.076468,-0.025562,0.020001
0.080522,-0.02982,-0.08172,0.024754,-0.077592,-0.025789,0.02089
0.08078,-0.030025,-0.081905,0.024973,-0.078691,-0.026009,0.021762
0.081025,-0.030223,-0.082079,0.025186,-0.079765,-0.026224,0.022618
0.081259,-0.030416,-0.082242,0.025392,-0.080814,-0.026432,0.023458
0.08148,-0.030602,-0.082394,0.025594,-0.081837,-0.026635,0.024282
0.08169,-0.030782,-0.082536,0.025789,-0.082836,-0.026831,0.02509
0.081888,-0.030956,-0.082667,0.025978,-0.083811,-0.027022,0.025882
0.082075,-0.031124,-0.082787,0.026162,-0.084761,-0.027206,0.026659
0.082251,-0.031287,-0.082897,0.02634,-0.085686,-0.027385,0.027421
0.082415,-0.031443,-0.082997,0.026513,-0.086588,-0.027559,0.028167
0.082567,-0.031593,-0.083086,0.026679,-0.087466,-0.027726,0.028898
0.082709,-0.031738,-0.083166,0.026841,-0.08832,-0.027888,0.029613
0.082839,-0.031877,-0.083235,0.026996,-0.08915,-0.028044,0.030314
0.082959,-0.03201,-0.083294,0.027147,-0.089957,-0.028194,0.031
0.083067,-0.032138,-0.083343,0.027291,-0.09074,-0.028339,0.03167
0.083165,-0.032259,-0.083382,0.027431,-0.091501,-0.028479,0.032326
0.083252,-0.032376,-0.083412,0.027565,-0.092238,-0.028613,0.032967
0.083328,-0.032486,-0.083432,0.027693,-0.092953,-0.028741,0.033594
0.083393,-0.032592,-0.083442,0.027817,-0.093646,-0.028864,0.034206
0.083449,-0.032691,-0.083443,0.027935,-0.094315,-0.028982,0.034804
0.083493,-0.032786,-0.083434,0.028048,-0.094963,-0.029094,0.035387
0.083528,-0.032875,-0.083416,0.028156,-0.095589,-0.029201,0.035957
0.083552,-0.032958,-0.083388,0.028258,-0.096192,-0.029303,0.036512
0.083566,-0.033037,-0.083352,0.028356,-0.096774,-0.0294,0.037053
0.083571,-0.03311,-0.083306,0.028449,-0.097334,-0.029492,0.037581
0.083565,-0.033177,-0.083251,0.028536,-0.097873,-0.029578,0.038095
0.083549,-0.03324,-0.083188,0.028619,-0.098391,-0.02966,0.038595
0.083524,-0.033298,-0.083115,0.028696,-0.098888,-0.029736,0.039081
0.083489,-0.03335,-0.083034,0.028769,-0.099363,-0.029808,0.039554
0.083444,-0.033398,-0.082944,0.028837,-0.099819,-0.029874,0.040014
0.08339,-0.03344,-0.082845,0.028901,-0.10025,-0.029936,0.04046
0.083326,-0.033478,-0.082738,0.028959,-0.10067,-0.029992,0.040894
0.083253,-0.03351,-0.082622,0.029013,-0.10106,-0.030044,0.041314
0.083171,-0.033538,-0.082498,0.029062,-0.10143,-0.030092,0.041721
0.08308,-0.033561,-0.082366,0.029106,-0.10179,-0.030134,0.042116
0.082979,-0.03358,-0.082225,0.029146,-0.10212,-0.030172,0.042497
0.08287,-0.033593,-0.082077,0.029181,-0.10244,-0.030205,0.042866
0.082752,-0.033602,-0.08192,0.029212,-0.10273,-0.030234,0.043223
0.082625,-0.033606,-0.081755,0.029239,-0.10301,-0.030257,0.043567
0.082489,-0.033606,-0.081583,0.029261,-0.10327,-0.030277,0.043899
0.082345,-0.033601,-0.081402,0.029278,-0.1035,-0.030292,0.044218
0.082192,-0.033591,-0.081214,0.029291,-0.10372,-0.030303,0.044526
0.082031,-0.033577,-0.081019,0.0293,-0.10393,-0.030309,0.044821
0.081861,-0.033559,-0.080816,0.029305,-0.10411,-0.030311,0.045105
0.081683,-0.033536,-0.080605,0.029305,-0.10427,-0.030308,0.045376
0.081497,-0.033509,-0.080387,0.029302,-0.10442,-0.030301,0.045636
0.081303,-0.033478,-0.080161,0.029294,-0.10455,-0.03029,0.045885
0.081101,-0.033442,-0.079929,0.029282,-0.10466,-0.030275,0.046122
0.080891,-0.033403,-0.079689,0.029266,-0.10475,-0.030256,0.046347
0.080673,-0.033359,-0.079442,0.029246,-0.10483,-0.030233,0.046561
0.080447,-0.033311,-0.079189,0.029222,-0.10489,-0.030205,0.046764
0.080214,-0.033259,-0.078928,0.029194,-0.10493,-0.030174,0.046956
0.079973,-0.033203,-0.078661,0.029162,-0.10495,-0.030138,0.047136
0.079725,-0.033142,-0.078386,0.029126,-0.10496,-0.030099,0.047306
0.079469,-0.033078,-0.078106,0.029087,-0.10495,-0.030056,0.047465
0.079207,-0.03301,-0.077818,0.029043,-0.10493,-0.030009,0.047614
0.078936,-0.032939,-0.077524,0.028996,-0.10489,-0.029958,0.047751
0.078659,-0.032863,-0.077224,0.028946,-0.10483,-0.029903,0.047879
0.078375,-0.032784,-0.076918,0.028891,-0.10476,-0.029845,0.047996
0.078084,-0.032701,-0.076605,0.028833,-0.10467,-0.029783,0.048102
0.077786,-0.032614,-0.076286,0.028772,-0.10457,-0.029717,0.048198
0.077481,-0.032524,-0.075961,0.028707,-0.10445,-0.029648,0.048285
0.07717,-0.03243,-0.07563,0.028638,-0.10431,-0.029575,0.048361
0.076852,-0.032332,-0.075293,0.028566,-0.10417,-0.029499,0.048428
0.076527,-0.032231,-0.074951,0.028491,-0.104,-0.029419,0.048484
0.076196,-0.032127,-0.074602,0.028412,-0.10382,-0.029336,0.048531
0.075859,-0.032019,-0.074248,0.02833,-0.10363,-0.029249,0.048568
0.075516,-0.031907,-0.073889,0.028245,-0.10342,-0.029159,0.048596
0.075166,-0.031793,-0.073524,0.028157,-0.1032,-0.029066,0.048615
0.074811,-0.031675,-0.073153,0.028065,-0.10297,-0.02897,0.048624
0.074449,-0.031554,-0.072777,0.02797,-0.10272,-0.02887,0.048624
0.074082,-0.031429,-0.072396,0.027872,-0.10245,-0.028767,0.048615
0.073709,-0.031302,-0.07201,0.027771,-0.10218,-0.028661,0.048597
0.07333,-0.031171,-0.071619,0.027667,-0.10189,-0.028552,0.048571
0.072945,-0.031038,-0.071223,0.02756,-0.10159,-0.02844,0.048535
0.072555,-0.030901,-0.070821,0.02745,-0.10127,-0.028325,0.048491
0.07216,-0.030761,-0.070415,0.027337,-0.10094,-0.028207,0.048438
0.071759,-0.030619,-0.070005,0.027221,-0.1006,-0.028086,0.048377
0.071353,-0.030473,-0.069589,0.027103,-0.10025,-0.027962,0.048307
0.070942,-0.030325,-0.069169,0.026981,-0.099882,-0.027835,0.048229
0.070526,-0.030174,-0.068745,0.026857,-0.099504,-0.027706,0.048143
0.070105,-0.03002,-0.068316,0.02673,-0.099114,-0.027573,0.048049
0.069679,-0.029863,-0.067883,0.026601,-0.098713,-0.027438,0.047947
0.069248,-0.029704,-0.067445,0.026469,-0.0983,-0.027301,0.047837
0.068812,-0.029542,-0.067004,0.026334,-0.097875,-0.02716,0.04772
0.068372,-0.029377,-0.066558,0.026197,-0.097439,-0.027017,0.047594
0.067927,-0.02921,-0.066108,0.026057,-0.096992,-0.026872,0.047462
0.067478,-0.029041,-0.065655,0.025915,-0.096534,-0.026724,0.047321
0.067025,-0.028869,-0.065197,0.02577,-0.096066,-0.026574,0.047174
0.066567,-0.028694,-0.064736,0.025623,-0.095587,-0.026421,0.047019
0.066105,-0.028518,-0.064271,0.025474,-0.095097,-0.026266,0.046857
0.065639,-0.028338,-0.063803,0.025322,-0.094597,-0.026108,0.046688
0.065169,-0.028157,-0.063331,0.025168,-0.094087,-0.025948,0.046512
0.064695,-0.027973,-0.062855,0.025012,-0.093567,-0.025786,0.04633
0.064217,-0.027787,-0.062377,0.024854,-0.093037,-0.025622,0.04614
0.063735,-0.027599,-0.061895,0.024694,-0.092498,-0.025456,0.045944
0.06325,-0.027409,-0.061409,0.024531,-0.09195,-0.025287,0.045742
0.062761,-0.027217,-0.060921,0.024367,-0.091392,-0.025117,0.045533
0.062269,-0.027023,-0.06043,0.0242,-0.090825,-0.024944,0.045317
0.061773,-0.026827,-0.059936,0.024032,-0.090249,-0.024769,0.045096
0.061274,-0.026629,-0.059439,0.023861,-0.089665,-0.024593,0.044868
0.060772,-0.026429,-0.058939,0.023689,-0.089071,-0.024414,0.044634
0.060267,-0.026227,-0.058436,0.023515,-0.08847,-0.024234,0.044395
0.059759,-0.026023,-0.057931,0.023339,-0.08786,-0.024051,0.04415
0.059248,-0.025818,-0.057424,0.023161,-0.087242,-0.023867,0.043899
0.058733,-0.025611,-0.056914,0.022982,-0.086617,-0.023682,0.043642
0.058217,-0.025402,-0.056401,0.022801,-0.085983,-0.023494,0.04338
0.057697,-0.025191,-0.055887,0.022618,-0.085342,-0.023305,0.043112
0.057175,-0.024979,-0.05537,0.022434,-0.084694,-0.023114,0.042839
0.05665,-0.024766,-0.054851,0.022248,-0.084039,-0.022922,0.042561
0.056124,-0.024551,-0.05433,0.02206,-0.083376,-0.022728,0.042278
0.055594,-0.024334,-0.053807,0.021872,-0.082707,-0.022533,0.04199
0.055063,-0.024116,-0.053282,0.021681,-0.08203,-0.022336,0.041697
0.054529,-0.023897,-0.052756,0.02149,-0.081348,-0.022137,0.041399
0.053993,-0.023676,-0.052228,0.021296,-0.080659,-0.021938,0.041097
0.053456,-0.023455,-0.051698,0.021102,-0.079964,-0.021737,0.04079
0.052916,-0.023231,-0.051167,0.020906,-0.079262,-0.021535,0.040478
0.052375,-0.023007,-0.050634,0.02071,-0.078555,-0.021331,0.040162
0.051832,-0.022782,-0.0501,0.020512,-0.077842,-0.021127,0.039842
0.051287,-0.022555,-0.049564,0.020312,-0.077124,-0.020921,0.039518
0.050741,-0.022327,-0.049028,0.020112,-0.0764,-0.020714,0.039189
0.050193,-0.022099,-0.04849,0.019911,-0.075671,-0.020506,0.038857
0.049644,-0.021869,-0.047951,0.019708,-0.074938,-0.020297,0.03852
0.049094,-0.021638,-0.047412,0.019505,-0.074199,-0.020087,0.03818
0.048543,-0.021407,-0.046871,0.019301,-0.073455,-0.019876,0.037837
0.04799,-0.021175,-0.04633,0.019095,-0.072707,-0.019664,0.037489
0.047437,-0.020942,-0.045788,0.018889,-0.071955,-0.019451,0.037139
0.046882,-0.020708,-0.045245,0.018683,-0.071199,-0.019237,0.036784
0.046327,-0.020473,-0.044702,0.018475,-0.070438,-0.019023,0.036427
0.045771,-0.020238,-0.044158,0.018266,-0.069674,-0.018808,0.036067
0.045215,-0.020002,-0.043614,0.018057,-0.068906,-0.018592,0.035703
0.044658,-0.019766,-0.04307,0.017848,-0.068135,-0.018375,0.035336
0.0441,-0.019529,-0.042525,0.017637,-0.06736,-0.018158,0.034967
0.043542,-0.019291,-0.041981,0.017426,-0.066582,-0.017941,0.034595
0.042984,-0.019053,-0.041436,0.017215,-0.065801,-0.017723,0.03422
0.042426,-0.018815,-0.040892,0.017003,-0.065017,-0.017504,0.033843
0.041867,-0.018576,-0.040347,0.01679,-0.064231,-0.017285,0.033463
