0,0,0,0,0,0,0
0.0060879,0.0015661,-0.0089542,-0.0023768,-0.00095391,0.002458,-0.0045534
0.012044,0.0030966,-0.017713,-0.0046979,-0.0018885,0.0048589,-0.0090046
0.017869,0.0045916,-0.026276,-0.0069632,-0.0028037,0.0072027,-0.013354
0.023563,0.0060511,-0.034643,-0.0091728,-0.0036997,0.0094894,-0.0176
0.029124,0.0074749,-0.042814,-0.011327,-0.0045762,0.011719,-0.021745
0.034555,0.0088633,-0.05079,-0.013425,-0.0054335,0.013892,-0.025787
0.039854,0.010216,-0.05857,-0.015467,-0.0062714,0.016007,-0.029728
0.045021,0.011533,-0.066155,-0.017453,-0.00709,0.018065,-0.033566
0.050057,0.012815,-0.073544,-0.019384,-0.0078893,0.020066,-0.037301
0.054961,0.014061,-0.080737,-0.021259,-0.0086692,0.022011,-0.040935
0.059734,0.015272,-0.087734,-0.023078,-0.0094298,0.023898,-0.044467
0.064376,0.016447,-0.094536,-0.024842,-0.010171,0.025727,-0.047896
0.068885,0.017586,-0.10114,-0.02655,-0.010893,0.0275,-0.051223
0.073264,0.01869,-0.10755,-0.028202,-0.011596,0.029216,-0.054448
0.077511,0.019758,-0.11377,-0.029798,-0.012279,0.030875,-0.05757
0.081626,0.020791,-0.11979,-0.031338,-0.012943,0.032476,-0.060591
0.08561,0.021788,-0.12561,-0.032823,-0.013587,0.034021,-0.063509
0.089462,0.02275,-0.13124,-0.034252,-0.014213,0.035508,-0.066325
0.093183,0.023676,-0.13667,-0.035625,-0.014819,0.036938,-0.069039
0.096772,0.024567,-0.14191,-0.036943,-0.015405,0.038311,-0.071651
0.10023,0.025422,-0.14695,-0.038204,-0.015972,0.039627,-0.07416
0.10356,0.026241,-0.15179,-0.03941,-0.01652,0.040886,-0.076568
0.10675,0.027025,-0.15644,-0.04056,-0.017049,0.042088,-0.078873
0.10981,0.027774,-0.16089,-0.041655,-0.017558,0.043233,-0.081076
0.11275,0.028486,-0.16515,-0.042693,-0.018048,0.04432,-0.083176
0.11555,0.029164,-0.16921,-0.043676,-0.018519,0.045351,-0.085175
0.11822,0.029805,-0.17308,-0.044603,-0.01897,0.046324,-0.087071
0.12075,0.030411,-0.17675,-0.045475,-0.019402,0.04724,-0.088866
0.12316,0.030982,-0.18023,-0.04629,-0.019815,0.0481,-0.090557
0.12543,0.031517,-0.18351,-0.04705,-0.020208,0.048902,-0.092147
0.12758,0.032017,-0.18659,-0.047754,-0.020582,0.049647,-0.093635
0.12959,0.032481,-0.18948,-0.048402,-0.020937,0.050335,-0.09502
0.13147,0.032909,-0.19217,-0.048995,-0.021272,0.050965,-0.096303
0.13322,0.033302,-0.19467,-0.049532,-0.021588,0.051539,-0.097484
0.13483,0.033659,-0.19697,-0.050013,-0.021884,0.052056,-0.098563
0.13632,0.033981,-0.19907,-0.050438,-0.022162,0.052515,-0.09954
0.13767,0.034267,-0.20098,-0.050808,-0.02242,0.052918,-0.10041
0.13889,0.034518,-0.2027,-0.051121,-0.022658,0.053263,-0.10119
0.13998,0.034733,-0.20422,-0.051379,-0.022878,0.053551,-0.10186
0.14094,0.034912,-0.20554,-0.051582,-0.023078,0.053782,-0.10242
0.14177,0.035056,-0.20667,-0.051728,-0.023258,0.053956,-0.10289
0.14247,0.035164,-0.2076,-0.051819,-0.023419,0.054073,-0.10325
0.14303,0.035237,-0.20833,-0.051854,-0.023561,0.054133,-0.10351
0.14347,0.035275,-0.20887,-0.051833,-0.023684,0.054136,-0.10367
0.14377,0.035276,-0.20922,-0.051756,-0.023787,0.054081,-0.10373
0.14394,0.035243,-0.20937,-0.051624,-0.023871,0.05397,-0.10369
0.14398,0.035173,-0.20932,-0.051436,-0.023936,0.053801,-0.10354
0.14388,0.035068,-0.20908,-0.051192,-0.023981,0.053576,-0.10329
0.14366,0.034928,-0.20864,-0.050893,-0.024007,0.053293,-0.10294
0.1433,0.034752,-0.208,-0.050537,-0.024014,0.052953,-0.10248
0.14282,0.03454,-0.20717,-0.050126,-0.024001,0.052556,-0.10193
0.1422,0.034293,-0.20615,-0.049659,-0.023969,0.052102,-0.10127
0.14145,0.03401,-0.20493,-0.049137,-0.023918,0.051591,-0.10051
0.14057,0.033692,-0.20351,-0.048558,-0.023847,0.051022,-0.099644
0.13955,0.033338,-0.2019,-0.047924,-0.023757,0.050397,-0.098679
0.13841,0.032949,-0.20009,-0.047234,-0.023648,0.049714,-0.097611
0.13713,0.032524,-0.19809,-0.046489,-0.023519,0.048975,-0.096442
0.13572,0.032064,-0.19589,-0.045687,-0.023371,0.048178,-0.09517
0.13418,0.031568,-0.19349,-0.04483,-0.023204,0.047324,-0.093796
0.13251,0.031036,-0.1909,-0.043917,-0.023017,0.046413,-0.09232
0.13071,0.030469,-0.18811,-0.042948,-0.022811,0.045445,-0.090742
0.12878,0.029866,-0.18513,-0.041924,-0.022586,0.04442,-0.089062
0.12671,0.029228,-0.18195,-0.040844,-0.022341,0.043338,-0.087279
0.12452,0.028554,-0.17858,-0.039708,-0.022077,0.042199,-0.085394
0.12219,0.027845,-0.17501,-0.038516,-0.021794,0.041002,-0.083407
0.11973,0.0271,-0.17125,-0.037268,-0.021491,0.039749,-0.081318
0.11714,0.02632,-0.16729,-0.035965,-0.021169,0.038438,-0.079127
0.11441,0.025504,-0.16313,-0.034606,-0.020828,0.037071,-0.076833
0.11156,0.024652,-0.15878,-0.033191,-0.020467,0.035646,-0.074437
0.10857,0.023765,-0.15423,-0.031721,-0.020087,0.034164,-0.071939
0.10546,0.022842,-0.14949,-0.030195,-0.019688,0.032625,-0.069339
0.10221,0.021884,-0.14455,-0.028612,-0.019269,0.031029,-0.066637
0.098828,0.02089,-0.13941,-0.026975,-0.018831,0.029376,-0.063832
0.095316,0.019861,-0.13408,-0.025281,-0.018374,0.027665,-0.060926
0.091672,0.018796,-0.12856,-0.023532,-0.017897,0.025898,-0.057917
0.087898,0.017696,-0.12284,-0.021727,-0.017401,0.024074,-0.054806
0.083991,0.01656,-0.11692,-0.019866,-0.016886,0.022192,-0.051592
0.079954,0.015388,-0.1108,-0.017949,-0.016351,0.020253,-0.048277
0.075784,0.014181,-0.1045,-0.015977,-0.015797,0.018257,-0.044859
0.071483,0.012939,-0.097991,-0.013949,-0.015224,0.016205,-0.041339
0.067051,0.01166,-0.091291,-0.011865,-0.014631,0.014095,-0.037717
0.062487,0.010347,-0.084395,-0.0097252,-0.014019,0.011927,-0.033993
0.057792,0.0089973,-0.077304,-0.0075298,-0.013388,0.0097033,-0.030166
0.052965,0.0076125,-0.070017,-0.0052787,-0.012737,0.007422,-0.026238
0.048007,0.0061921,-0.062534,-0.0029718,-0.012067,0.0050836,-0.022207
0.042917,0.0047361,-0.054855,-0.00060909,-0.011378,0.0026881,-0.018074
0.037696,0.0032446,-0.046981,0.0018093,-0.010669,0.00023553,-0.013838
0.032343,0.0017175,-0.038911,0.0042835,-0.0099412,-0.0022742,-0.0095011
0.026858,0.00015492,-0.030646,0.0068135,-0.0091939,-0.004841,-0.0050614
0.021243,-0.0014432,-0.022185,0.0093992,-0.0084273,-0.0074649,-0.00051958
0.015495,-0.003077,-0.013528,0.012041,-0.0076413,-0.010146,0.0041244
0.0096165,-0.0047462,-0.0046751,0.014738,-0.006836,-0.012884,0.0088707
0.0036061,-0.0064511,0.0043731,0.017491,-0.0060114,-0.015679,0.013719
-0.0025357,-0.0081914,0.013617,0.0203,-0.0051674,-0.018531,0.01867
-0.0088091,-0.0099674,0.023057,0.023164,-0.0043041,-0.021441,0.023722
-0.015214,-0.011779,0.032692,0.026084,-0.0034215,-0.024407,0.028877
-0.02175,-0.013626,0.042523,0.02906,-0.0025195,-0.027431,0.034135
-0.028418,-0.015509,0.05255,0.032092,-0.0015982,-0.030512,0.039494
-0.035217,-0.017427,0.062772,0.03518,-0.00065757,-0.033649,0.044956
-0.042148,-0.01938,0.07319,0.038323,0.00030239,-0.036844,0.050519
-0.049211,-0.02137,0.083804,0.041522,0.0012817,-0.040096,0.056185
-0.056405,-0.023394,0.094613,0.044777,0.0022803,-0.043405,0.061953
-0.06373,-0.025455,0.10562,0.048088,0.0032983,-0.046772,0.067824
-0.071187,-0.027551,0.11682,0.051454,0.0043356,-0.050195,0.073796
-0.078775,-0.029682,0.12822,0.054876,0.0053922,-0.053675,0.079871
-0.078775,-0.029682,0.12822,0.054876,0.0053922,-0.053675,0.079871
-0.077931,-0.029492,0.12694,0.054408,0.0053105,-0.053234,0.07911
-0.077086,-0.029301,0.12567,0.05394,0.0052289,-0.052792,0.078348
-0.076242,-0.029111,0.12439,0.053471,0.0051473,-0.052351,0.077587
-0.075397,-0.028921,0.12312,0.053003,0.0050656,-0.05191,0.076825
-0.074553,-0.02873,0.12184,0.052535,0.004984,-0.051468,0.076064
-0.073709,-0.02854,0.12057,0.052067,0.0049024,-0.051027,0.075302
-0.072864,-0.028349,0.11929,0.051599,0.0048207,-0.050585,0.074541
-0.07202,-0.028159,0.11802,0.051131,0.0047391,-0.050144,0.07378
-0.071175,-0.027969,0.11675,0.050663,0.0046574,-0.049703,0.073018
-0.070331,-0.027778,0.11547,0.050194,0.0045758,-0.049261,0.072257
-0.069486,-0.027588,0.1142,0.049726,0.0044942,-0.04882,0.071495
-0.068642,-0.027397,0.11292,0.049258,0.0044125,-0.048378,0.070734
-0.067797,-0.027207,0.11165,0.04879,0.0043309,-0.047937,0.069972
-0.066953,-0.027017,0.11037,0.048322,0.0042493,-0.047495,0.069211
-0.066108,-0.026826,0.1091,0.047854,0.0041676,-0.047054,0.06845
-0.065264,-0.026636,0.10782,0.047385,0.004086,-0.046613,0.067688
-0.06442,-0.026445,0.10655,0.046917,0.0040043,-0.046171,0.066927
-0.063575,-0.026255,0.10528,0.046449,0.0039227,-0.04573,0.066165
-0.062731,-0.026065,0.104,0.045981,0.0038411,-0.045288,0.065404
-0.061886,-0.025874,0.10273,0.045513,0.0037594,-0.044847,0.064642
-0.061042,-0.025684,0.10145,0.045045,0.0036778,-0.044406,0.063881
-0.060197,-0.025493,0.10018,0.044577,0.0035962,-0.043964,0.063119
-0.059353,-0.025303,0.098904,0.044108,0.0035145,-0.043523,0.062358
-0.058508,-0.025113,0.097629,0.04364,0.0034329,-0.043081,0.061597
-0.057664,-0.024922,0.096355,0.043172,0.0033512,-0.04264,0.060835
-0.05682,-0.024732,0.095081,0.042704,0.0032696,-0.042198,0.060074
-0.055975,-0.024541,0.093806,0.042236,0.003188,-0.041757,0.059312
-0.055131,-0.024351,0.092532,0.041768,0.0031063,-0.041316,0.058551
-0.054286,-0.024161,0.091257,0.041299,0.0030247,-0.040874,0.057789
-0.053442,-0.02397,0.089983,0.040831,0.0029431,-0.040433,0.057028
-0.052597,-0.02378,0.088708,0.040363,0.0028614,-0.039991,0.056266
-0.051753,-0.023589,0.087434,0.039895,0.0027798,-0.03955,0.055505
-0.050908,-0.023399,0.08616,0.039427,0.0026982,-0.039109,0.054744
-0.050064,-0.023208,0.084885,0.038959,0.0026165,-0.038667,0.053982
-0.049219,-0.023018,0.083611,0.038491,0.0025349,-0.038226,0.053221
-0.048375,-0.022828,0.082336,0.038022,0.0024532,-0.037784,0.052459
-0.047531,-0.022637,0.081062,0.037554,0.0023716,-0.037343,0.051698
-0.046686,-0.022447,0.079788,0.037086,0.00229,-0.036901,0.050936
-0.045842,-0.022256,0.078513,0.036618,0.0022083,-0.03646,0.050175
-0.044997,-0.022066,0.077239,0.03615,0.0021267,-0.036019,0.049414
-0.044153,-0.021876,0.075964,0.035682,0.0020451,-0.035577,0.048652
-0.043308,-0.021685,0.07469,0.035213,0.0019634,-0.035136,0.047891
-0.042464,-0.021495,0.073416,0.034745,0.0018818,-0.034694,0.047129
-0.041619,-0.021304,0.072141,0.034277,0.0018001,-0.034253,0.046368
-0.040775,-0.021114,0.070867,0.033809,0.0017185,-0.033812,0.045606
-0.039931,-0.020924,0.069592,0.033341,0.0016369,-0.03337,0.044845
-0.039086,-0.020733,0.068318,0.032873,0.0015552,-0.032929,0.044083
-0.038242,-0.020543,0.067043,0.032404,0.0014736,-0.032487,0.043322
-0.037397,-0.020352,0.065769,0.031936,0.001392,-0.032046,0.042561
-0.036553,-0.020162,0.064495,0.031468,0.0013103,-0.031604,0.041799
-0.035708,-0.019972,0.06322,0.031,0.0012287,-0.031163,0.041038
-0.034864,-0.019781,0.061946,0.030532,0.001147,-0.030722,0.040276
-0.034019,-0.019591,0.060671,0.030064,0.0010654,-0.03028,0.039515
-0.033175,-0.0194,0.059397,0.029596,0.00098377,-0.029839,0.038753
-0.032331,-0.01921,0.058123,0.029127,0.00090213,-0.029397,0.037992
-0.031486,-0.01902,0.056848,0.028659,0.0008205,-0.028956,0.037231
-0.030642,-0.018829,0.055574,0.028191,0.00073886,-0.028515,0.036469
-0.029797,-0.018639,0.054299,0.027723,0.00065722,-0.028073,0.035708
-0.028953,-0.018448,0.053025,0.027255,0.00057559,-0.027632,0.034946
-0.028108,-0.018258,0.05175,0.026787,0.00049395,-0.02719,0.034185
-0.027264,-0.018068,0.050476,0.026318,0.00041231,-0.026749,0.033423
-0.026419,-0.017877,0.049202,0.02585,0.00033067,-0.026307,0.032662
-0.025575,-0.017687,0.047927,0.025382,0.00024904,-0.025866,0.0319
-0.02473,-0.017496,0.046653,0.024914,0.0001674,-0.025425,0.031139
-0.023886,-0.017306,0.045378,0.024446,8.5762e-05,-0.024983,0.030378
-0.023042,-0.017116,0.044104,0.023978,4.1253e-06,-0.024542,0.029616
-0.022197,-0.016925,0.04283,0.02351,-7.7512e-05,-0.0241,0.028855
-0.021353,-0.016735,0.041555,0.023041,-0.00015915,-0.023659,0.028093
-0.020508,-0.016544,0.040281,0.022573,-0.00024079,-0.023218,0.027332
-0.019664,-0.016354,0.039006,0.022105,-0.00032242,-0.022776,0.02657
-0.018819,-0.016164,0.037732,0.021637,-0.00040406,-0.022335,0.025809
-0.017975,-0.015973,0.036458,0.021169,-0.0004857,-0.021893,0.025047
-0.01713,-0.015783,0.035183,0.020701,-0.00056733,-0.021452,0.024286
-0.016286,-0.015592,0.033909,0.020232,-0.00064897,-0.021011,0.023525
-0.015442,-0.015402,0.032634,0.019764,-0.00073061,-0.020569,0.022763
-0.014597,-0.015212,0.03136,0.019296,-0.00081225,-0.020128,0.022002
-0.013753,-0.015021,0.030085,0.018828,-0.00089388,-0.019686,0.02124
-0.012908,-0.014831,0.028811,0.01836,-0.00097552,-0.019245,0.020479
-0.012064,-0.01464,0.027537,0.017892,-0.0010572,-0.018803,0.019717
-0.011219,-0.01445,0.026262,0.017424,-0.0011388,-0.018362,0.018956
-0.010375,-0.01426,0.024988,0.016955,-0.0012204,-0.017921,0.018195
-0.0095304,-0.014069,0.023713,0.016487,-0.0013021,-0.017479,0.017433
-0.0086859,-0.013879,0.022439,0.016019,-0.0013837,-0.017038,0.016672
-0.0078415,-0.013688,0.021165,0.015551,-0.0014653,-0.016596,0.01591
-0.006997,-0.013498,0.01989,0.015083,-0.001547,-0.016155,0.015149
-0.0061526,-0.013308,0.018616,0.014615,-0.0016286,-0.015714,0.014387
-0.0053081,-0.013117,0.017341,0.014146,-0.0017103,-0.015272,0.013626
-0.0044637,-0.012927,0.016067,0.013678,-0.0017919,-0.014831,0.012864
-0.0036192,-0.012736,0.014792,0.01321,-0.0018735,-0.014389,0.012103
-0.0027748,-0.012546,0.013518,0.012742,-0.0019552,-0.013948,0.011342
-0.0019303,-0.012356,0.012244,0.012274,-0.0020368,-0.013506,0.01058
-0.0010859,-0.012165,0.010969,0.011806,-0.0021184,-0.013065,0.0098187
-0.00024144,-0.011975,0.0096948,0.011338,-0.0022001,-0.012624,0.0090573
0.00060301,-0.011784,0.0084204,0.010869,-0.0022817,-0.012182,0.0082958
0.0014475,-0.011594,0.007146,0.010401,-0.0023634,-0.011741,0.0075344
0.0022919,-0.011404,0.0058716,0.0099331,-0.002445,-0.011299,0.006773
0.0031364,-0.011213,0.0045972,0.0094649,-0.0025266,-0.010858,0.0060115
0.0039808,-0.011023,0.0033227,0.0089967,-0.0026083,-0.010417,0.0052501
0.0048253,-0.010832,0.0020483,0.0085286,-0.0026899,-0.0099751,0.0044886
0.0056697,-0.010642,0.00077392,0.0080604,-0.0027715,-0.0095337,0.0037272
0.0065142,-0.010452,-0.00050049,0.0075923,-0.0028532,-0.0090923,0.0029658
0.0073586,-0.010261,-0.0017749,0.0071241,-0.0029348,-0.0086509,0.0022043
0.0082031,-0.010071,-0.0030493,0.006656,-0.0030164,-0.0082095,0.0014429
0.0090475,-0.0098803,-0.0043237,0.0061878,-0.0030981,-0.007768,0.00068145
0.009892,-0.0096899,-0.0055981,0.0057197,-0.0031797,-0.0073266,-7.9986e-05
0.010736,-0.0094995,-0.0068726,0.0052515,-0.0032614,-0.0068852,-0.00084143
0.011581,-0.0093091,-0.008147,0.0047833,-0.003343,-0.0064438,-0.0016029
0.012425,-0.0091187,-0.0094214,0.0043152,-0.0034246,-0.0060024,-0.0023643
0.01327,-0.0089283,-0.010696,0.003847,-0.0035063,-0.005561,-0.0031257
0.014114,-0.0087379,-0.01197,0.0033789,-0.0035879,-0.0051196,-0.0038872
0.014959,-0.0085475,-0.013245,0.0029107,-0.0036695,-0.0046781,-0.0046486
0.015803,-0.0083571,-0.014519,0.0024426,-0.0037512,-0.0042367,-0.0054101
0.016648,-0.0081667,-0.015793,0.0019744,-0.0038328,-0.0037953,-0.0061715
0.017492,-0.0079763,-0.017068,0.0015063,-0.0039145,-0.0033539,-0.0069329
0.018336,-0.0077859,-0.018342,0.0010381,-0.0039961,-0.0029125,-0.0076944
0.019181,-0.0075955,-0.019617,0.00056995,-0.0040777,-0.0024711,-0.0084558
0.020025,-0.0074051,-0.020891,0.00010179,-0.0041594,-0.0020297,-0.0092173
0.02087,-0.0072147,-0.022166,-0.00036636,-0.004241,-0.0015882,-0.0099787
0.021714,-0.0070243,-0.02344,-0.00083452,-0.0043226,-0.0011468,-0.01074
0.022559,-0.0068339,-0.024714,-0.0013027,-0.0044043,-0.0007054,-0.011502
0.023403,-0.0066435,-0.025989,-0.0017708,-0.0044859,-0.00026399,-0.012263
0.024248,-0.0064531,-0.027263,-0.002239,-0.0045676,0.00017743,-0.013024
0.025092,-0.0062627,-0.028538,-0.0027071,-0.0046492,0.00061884,-0.013786
0.025936,-0.0060723,-0.029812,-0.0031753,-0.0047308,0.0010603,-0.014547
0.026781,-0.0058819,-0.031086,-0.0036434,-0.0048125,0.0015017,-0.015309
0.027625,-0.0056915,-0.032361,-0.0041116,-0.0048941,0.0019431,-0.01607
0.02847,-0.0055011,-0.033635,-0.0045798,-0.0049757,0.0023845,-0.016832
0.029314,-0.0053106,-0.03491,-0.0050479,-0.0050574,0.0028259,-0.017593
0.030159,-0.0051202,-0.036184,-0.0055161,-0.005139,0.0032673,-0.018355
0.031003,-0.0049298,-0.037458,-0.0059842,-0.0052207,0.0037087,-0.019116
0.031848,-0.0047394,-0.038733,-0.0064524,-0.0053023,0.0041502,-0.019877
0.032692,-0.004549,-0.040007,-0.0069205,-0.0053839,0.0045916,-0.020639
0.033537,-0.0043586,-0.041282,-0.0073887,-0.0054656,0.005033,-0.0214
0.034381,-0.0041682,-0.042556,-0.0078568,-0.0055472,0.0054744,-0.022162
0.034381,-0.0041682,-0.042556,-0.0078568,-0.0055472,0.0054744,-0.022162
0.03354,-0.0041445,-0.041544,-0.0077909,-0.0044961,0.0054222,-0.022567
0.032699,-0.0041207,-0.040532,-0.007725,-0.003445,0.0053701,-0.022972
0.031859,-0.004097,-0.039519,-0.0076592,-0.002394,0.0053179,-0.023377
0.031018,-0.0040733,-0.038507,-0.0075933,-0.0013429,0.0052658,-0.023782
0.030177,-0.0040495,-0.037495,-0.0075274,-0.00029182,0.0052136,-0.024188
0.029336,-0.0040258,-0.036483,-0.0074615,0.00075926,0.0051614,-0.024593
0.028495,-0.004002,-0.03547,-0.0073956,0.0018103,0.0051093,-0.024998
0.027655,-0.0039783,-0.034458,-0.0073297,0.0028614,0.0050571,-0.025403
0.026814,-0.0039545,-0.033446,-0.0072638,0.0039125,0.0050049,-0.025808
0.025973,-0.0039308,-0.032434,-0.0071979,0.0049636,0.0049528,-0.026213
0.025132,-0.003907,-0.031422,-0.007132,0.0060146,0.0049006,-0.026618
0.024291,-0.0038833,-0.030409,-0.0070661,0.0070657,0.0048485,-0.027024
0.02345,-0.0038596,-0.029397,-0.0070002,0.0081168,0.0047963,-0.027429
0.02261,-0.0038358,-0.028385,-0.0069343,0.0091679,0.0047441,-0.027834
0.021769,-0.0038121,-0.027373,-0.0068684,0.010219,0.004692,-0.028239
0.020928,-0.0037883,-0.02636,-0.0068025,0.01127,0.0046398,-0.028644
0.020087,-0.0037646,-0.025348,-0.0067366,0.012321,0.0045876,-0.029049
0.019246,-0.0037408,-0.024336,-0.0066707,0.013372,0.0045355,-0.029455
0.018406,-0.0037171,-0.023324,-0.0066048,0.014423,0.0044833,-0.02986
0.017565,-0.0036933,-0.022311,-0.0065389,0.015474,0.0044312,-0.030265
0.016724,-0.0036696,-0.021299,-0.006473,0.016525,0.004379,-0.03067
0.015883,-0.0036459,-0.020287,-0.0064071,0.017576,0.0043268,-0.031075
0.015042,-0.0036221,-0.019275,-0.0063412,0.018628,0.0042747,-0.03148
0.014202,-0.0035984,-0.018262,-0.0062753,0.019679,0.0042225,-0.031885
0.013361,-0.0035746,-0.01725,-0.0062094,0.02073,0.0041703,-0.032291
0.01252,-0.0035509,-0.016238,-0.0061435,0.021781,0.0041182,-0.032696
0.011679,-0.0035271,-0.015226,-0.0060776,0.022832,0.004066,-0.033101
0.010838,-0.0035034,-0.014213,-0.0060117,0.023883,0.0040139,-0.033506
0.0099976,-0.0034796,-0.013201,-0.0059458,0.024934,0.0039617,-0.033911
0.0091567,-0.0034559,-0.012189,-0.0058799,0.025985,0.0039095,-0.034316
0.0083159,-0.0034322,-0.011177,-0.0058141,0.027036,0.0038574,-0.034722
0.0074751,-0.0034084,-0.010165,-0.0057482,0.028087,0.0038052,-0.035127
0.0066343,-0.0033847,-0.0091523,-0.0056823,0.029138,0.003753,-0.035532
0.0057935,-0.0033609,-0.00814,-0.0056164,0.030189,0.0037009,-0.035937
0.0049527,-0.0033372,-0.0071278,-0.0055505,0.03124,0.0036487,-0.036342
0.0041119,-0.0033134,-0.0061156,-0.0054846,0.032292,0.0035966,-0.036747
0.0032711,-0.0032897,-0.0051033,-0.0054187,0.033343,0.0035444,-0.037153
0.0024303,-0.0032659,-0.0040911,-0.0053528,0.034394,0.0034922,-0.037558
0.0015895,-0.0032422,-0.0030789,-0.0052869,0.035445,0.0034401,-0.037963
0.00074867,-0.0032185,-0.0020666,-0.005221,0.036496,0.0033879,-0.038368
-9.2134e-05,-0.0031947,-0.0010544,-0.0051551,0.037547,0.0033357,-0.038773
-0.00093294,-0.003171,-4.214e-05,-0.0050892,0.038598,0.0032836,-0.039178
-0.0017737,-0.0031472,0.0009701,-0.0050233,0.039649,0.0032314,-0.039583
-0.0026146,-0.0031235,0.0019823,-0.0049574,0.0407,0.0031792,-0.039989
-0.0034554,-0.0030997,0.0029946,-0.0048915,0.041751,0.0031271,-0.040394
-0.0042962,-0.003076,0.0040068,-0.0048256,0.042802,0.0030749,-0.040799
-0.005137,-0.0030522,0.0050191,-0.0047597,0.043853,0.0030228,-0.041204
-0.0059778,-0.0030285,0.0060313,-0.0046938,0.044904,0.0029706,-0.041609
-0.0068186,-0.0030048,0.0070435,-0.0046279,0.045956,0.0029184,-0.042014
-0.0076594,-0.002981,0.0080558,-0.004562,0.047007,0.0028663,-0.04242
-0.0085002,-0.0029573,0.009068,-0.0044961,0.048058,0.0028141,-0.042825
-0.009341,-0.0029335,0.01008,-0.0044302,0.049109,0.0027619,-0.04323
-0.010182,-0.0029098,0.011092,-0.0043643,0.05016,0.0027098,-0.043635
-0.011023,-0.002886,0.012105,-0.0042984,0.051211,0.0026576,-0.04404
-0.011863,-0.0028623,0.013117,-0.0042325,0.052262,0.0026055,-0.044445
-0.012704,-0.0028385,0.014129,-0.0041666,0.053313,0.0025533,-0.044851
-0.013545,-0.0028148,0.015141,-0.0041007,0.054364,0.0025011,-0.045256
-0.014386,-0.0027911,0.016154,-0.0040348,0.055415,0.002449,-0.045661
-0.015227,-0.0027673,0.017166,-0.0039689,0.056466,0.0023968,-0.046066
-0.016067,-0.0027436,0.018178,-0.0039031,0.057517,0.0023446,-0.046471
-0.016908,-0.0027198,0.01919,-0.0038372,0.058568,0.0022925,-0.046876
-0.017749,-0.0026961,0.020203,-0.0037713,0.05962,0.0022403,-0.047281
-0.01859,-0.0026723,0.021215,-0.0037054,0.060671,0.0021882,-0.047687
-0.019431,-0.0026486,0.022227,-0.0036395,0.061722,0.002136,-0.048092
-0.020272,-0.0026248,0.023239,-0.0035736,0.062773,0.0020838,-0.048497
-0.021112,-0.0026011,0.024252,-0.0035077,0.063824,0.0020317,-0.048902
-0.021953,-0.0025774,0.025264,-0.0034418,0.064875,0.0019795,-0.049307
-0.022794,-0.0025536,0.026276,-0.0033759,0.065926,0.0019273,-0.049712
-0.023635,-0.0025299,0.027288,-0.00331,0.066977,0.0018752,-0.050118
-0.024476,-0.0025061,0.028301,-0.0032441,0.068028,0.001823,-0.050523
-0.025316,-0.0024824,0.029313,-0.0031782,0.069079,0.0017709,-0.050928
-0.026157,-0.0024586,0.030325,-0.0031123,0.07013,0.0017187,-0.051333
-0.026998,-0.0024349,0.031337,-0.0030464,0.071181,0.0016665,-0.051738
-0.027839,-0.0024111,0.032349,-0.0029805,0.072232,0.0016144,-0.052143
-0.027839,-0.0024111,0.032349,-0.0029805,0.072232,0.0016144,-0.052143
-0.026401,-0.003119,0.031078,-0.0021686,0.067505,0.00081261,-0.048582
-0.024963,-0.0038269,0.029807,-0.0013567,0.062778,1.0858e-05,-0.04502
-0.023526,-0.0045347,0.028536,-0.00054486,0.058051,-0.0007909,-0.041458
-0.022088,-0.0052426,0.027265,0.00026701,0.053324,-0.0015927,-0.037896
-0.02065,-0.0059505,0.025993,0.0010789,0.048596,-0.0023944,-0.034334
-0.019212,-0.0066583,0.024722,0.0018908,0.043869,-0.0031962,-0.030773
-0.017775,-0.0073662,0.023451,0.0027027,0.039142,-0.0039979,-0.027211
-0.016337,-0.008074,0.02218,0.0035145,0.034415,-0.0047997,-0.023649
-0.014899,-0.0087819,0.020909,0.0043264,0.029687,-0.0056014,-0.020087
-0.013461,-0.0094898,0.019637,0.0051383,0.02496,-0.0064032,-0.016526
-0.012024,-0.010198,0.018366,0.0059502,0.020233,-0.0072049,-0.012964
-0.010586,-0.010905,0.017095,0.006762,0.015506,-0.0080067,-0.0094021
-0.0091483,-0.011613,0.015824,0.0075739,0.010778,-0.0088084,-0.0058403
-0.0077106,-0.012321,0.014552,0.0083858,0.0060511,-0.0096102,-0.0022785
-0.0062728,-0.013029,0.013281,0.0091977,0.0013239,-0.010412,0.0012833
-0.0048351,-0.013737,0.01201,0.01001,-0.0034034,-0.011214,0.004845
-0.0033974,-0.014445,0.010739,0.010821,-0.0081306,-0.012015,0.0084068
-0.0019597,-0.015153,0.0094675,0.011633,-0.012858,-0.012817,0.011969
-0.00052192,-0.015861,0.0081963,0.012445,-0.017585,-0.013619,0.01553
0.00091581,-0.016568,0.0069251,0.013257,-0.022312,-0.014421,0.019092
0.0023535,-0.017276,0.0056539,0.014069,-0.02704,-0.015222,0.022654
0.0037913,-0.017984,0.0043827,0.014881,-0.031767,-0.016024,0.026216
0.005229,-0.018692,0.0031115,0.015693,-0.036494,-0.016826,0.029777
0.0066667,-0.0194,0.0018402,0.016505,-0.041221,-0.017628,0.033339
0.0081045,-0.020108,0.00056902,0.017316,-0.045949,-0.018429,0.036901
0.0095422,-0.020816,-0.0007022,0.018128,-0.050676,-0.019231,0.040463
0.01098,-0.021523,-0.0019734,0.01894,-0.055403,-0.020033,0.044025
0.012418,-0.022231,-0.0032446,0.019752,-0.06013,-0.020835,0.047586
0.013855,-0.022939,-0.0045159,0.020564,-0.064857,-0.021637,0.051148
0.015293,-0.023647,-0.0057871,0.021376,-0.069585,-0.022438,0.05471
0.016731,-0.024355,-0.0070583,0.022188,-0.074312,-0.02324,0.058272
0.018169,-0.025063,-0.0083295,0.023,-0.079039,-0.024042,0.061833
0.019606,-0.025771,-0.0096007,0.023812,-0.083766,-0.024844,0.065395
0.021044,-0.026478,-0.010872,0.024623,-0.088494,-0.025645,0.068957
0.022482,-0.027186,-0.012143,0.025435,-0.093221,-0.026447,0.072519
0.023919,-0.027894,-0.013414,0.026247,-0.097948,-0.027249,0.076081
0.025357,-0.028602,-0.014686,0.027059,-0.10268,-0.028051,0.079642
0.026795,-0.02931,-0.015957,0.027871,-0.1074,-0.028852,0.083204
0.028233,-0.030018,-0.017228,0.028683,-0.11213,-0.029654,0.086766
0.02967,-0.030726,-0.018499,0.029495,-0.11686,-0.030456,0.090328
0.031108,-0.031433,-0.01977,0.030307,-0.12158,-0.031258,0.093889
0.032546,-0.032141,-0.021042,0.031118,-0.12631,-0.032059,0.097451
0.033984,-0.032849,-0.022313,0.03193,-0.13104,-0.032861,0.10101
0.035421,-0.033557,-0.023584,0.032742,-0.13577,-0.033663,0.10457
0.036859,-0.034265,-0.024855,0.033554,-0.14049,-0.034465,0.10814
0.038297,-0.034973,-0.026127,0.034366,-0.14522,-0.035266,0.1117
0.039735,-0.035681,-0.027398,0.035178,-0.14995,-0.036068,0.11526
0.041172,-0.036388,-0.028669,0.03599,-0.15467,-0.03687,0.11882
0.04261,-0.037096,-0.02994,0.036802,-0.1594,-0.037672,0.12238
0.044048,-0.037804,-0.031211,0.037613,-0.16413,-0.038473,0.12595
0.045485,-0.038512,-0.032483,0.038425,-0.16886,-0.039275,0.12951
0.046923,-0.03922,-0.033754,0.039237,-0.17358,-0.040077,0.13307
0.048361,-0.039928,-0.035025,0.040049,-0.17831,-0.040879,0.13663
0.049799,-0.040636,-0.036296,0.040861,-0.18304,-0.04168,0.14019
0.051236,-0.041344,-0.037568,0.041673,-0.18777,-0.042482,0.14375
0.052674,-0.042051,-0.038839,0.042485,-0.19249,-0.043284,0.14732
0.054112,-0.042759,-0.04011,0.043297,-0.19722,-0.044086,0.15088
0.05555,-0.043467,-0.041381,0.044108,-0.20195,-0.044887,0.15444
0.056987,-0.044175,-0.042652,0.04492,-0.20667,-0.045689,0.158
0.058425,-0.044883,-0.043924,0.045732,-0.2114,-0.046491,0.16156
0.059863,-0.045591,-0.045195,0.046544,-0.21613,-0.047293,0.16512
0.0613,-0.046299,-0.046466,0.047356,-0.22086,-0.048094,0.16869
0.062738,-0.047006,-0.047737,0.048168,-0.22558,-0.048896,0.17225
0.064176,-0.047714,-0.049009,0.04898,-0.23031,-0.049698,0.17581
0.065614,-0.048422,-0.05028,0.049792,-0.23504,-0.0505,0.17937
0.067051,-0.04913,-0.051551,0.050604,-0.23977,-0.051301,0.18293
0.068489,-0.049838,-0.052822,0.051415,-0.24449,-0.052103,0.1865
0.069927,-0.050546,-0.054093,0.052227,-0.24922,-0.052905,0.19006
0.071365,-0.051254,-0.055365,0.053039,-0.25395,-0.053707,0.19362
0.072802,-0.051961,-0.056636,0.053851,-0.25867,-0.054508,0.19718
0.07424,-0.052669,-0.057907,0.054663,-0.2634,-0.05531,0.20074
0.075678,-0.053377,-0.059178,0.055475,-0.26813,-0.056112,0.2043
0.077115,-0.054085,-0.060449,0.056287,-0.27286,-0.056914,0.20787
0.077115,-0.054085,-0.060449,0.056287,-0.27286,-0.056914,0.20787
0.071972,-0.051431,-0.055751,0.05375,-0.26208,-0.054322,0.20102
0.066899,-0.048813,-0.05112,0.051246,-0.25143,-0.051763,0.19426
0.061898,-0.04623,-0.046555,0.048775,-0.24093,-0.049238,0.18758
0.056968,-0.043681,-0.042056,0.046337,-0.23055,-0.046747,0.18098
0.05211,-0.041168,-0.037623,0.043932,-0.22032,-0.04429,0.17447
0.047322,-0.03869,-0.033257,0.041561,-0.21022,-0.041867,0.16804
0.042607,-0.036247,-0.028958,0.039222,-0.20026,-0.039477,0.16168
0.037962,-0.033838,-0.024724,0.036915,-0.19043,-0.037121,0.15542
0.033389,-0.031465,-0.020557,0.034642,-0.18074,-0.034799,0.14923
0.028888,-0.029127,-0.016457,0.032402,-0.17118,-0.032511,0.14312
0.024458,-0.026825,-0.012423,0.030195,-0.16176,-0.030256,0.1371
0.020099,-0.024557,-0.0084554,0.028021,-0.15248,-0.028035,0.13116
0.015811,-0.022324,-0.0045542,0.02588,-0.14333,-0.025848,0.1253
0.011595,-0.020126,-0.00071939,0.023771,-0.13432,-0.023695,0.11952
0.0074502,-0.017964,0.003049,0.021696,-0.12544,-0.021575,0.11383
0.0033768,-0.015836,0.006751,0.019654,-0.1167,-0.019489,0.10822
-0.00062526,-0.013743,0.010387,0.017644,-0.1081,-0.017437,0.10269
-0.0045559,-0.011686,0.013956,0.015668,-0.099627,-0.015419,0.097237
-0.0084152,-0.0096636,0.017459,0.013724,-0.091295,-0.013434,0.091871
-0.012203,-0.0076763,0.020895,0.011814,-0.083098,-0.011483,0.086586
-0.01592,-0.005724,0.024265,0.0099364,-0.075038,-0.0095661,0.081384
-0.019565,-0.0038068,0.027569,0.0080918,-0.067113,-0.0076828,0.076263
-0.023139,-0.0019247,0.030806,0.0062802,-0.059324,-0.0058332,0.071225
-0.026641,-7.7651e-05,0.033977,0.0045015,-0.051671,-0.0040174,0.066269
-0.030072,0.0017344,0.037081,0.0027558,-0.044155,-0.0022353,0.061395
-0.033432,0.0035113,0.040119,0.001043,-0.036774,-0.00048693,0.056603
-0.03672,0.0052532,0.04309,-0.00063678,-0.029529,0.0012276,0.051893
-0.039937,0.00696,0.045996,-0.0022836,-0.02242,0.0029085,0.047265
-0.043083,0.0086317,0.048834,-0.0038975,-0.015446,0.0045555,0.042719
-0.046157,0.010268,0.051607,-0.0054784,-0.0086091,0.0061689,0.038255
-0.04916,0.01187,0.054313,-0.0070264,-0.0019078,0.0077484,0.033873
-0.052092,0.013437,0.056952,-0.0085414,0.0046576,0.0092942,0.029574
-0.054952,0.014968,0.059525,-0.010023,0.011087,0.010806,0.025356
-0.057741,0.016464,0.062032,-0.011472,0.017381,0.012285,0.02122
-0.060458,0.017926,0.064472,-0.012889,0.023538,0.013729,0.017167
-0.063104,0.019352,0.066846,-0.014272,0.02956,0.01514,0.013195
-0.065679,0.020743,0.069154,-0.015622,0.035445,0.016517,0.0093059
-0.068182,0.0221,0.071395,-0.016939,0.041195,0.01786,0.0054986
-0.070614,0.023421,0.07357,-0.018223,0.046809,0.01917,0.0017733
-0.072975,0.024707,0.075678,-0.019475,0.052287,0.020446,-0.0018699
-0.075264,0.025958,0.07772,-0.020693,0.057629,0.021688,-0.0054311
-0.077482,0.027174,0.079695,-0.021878,0.062835,0.022896,-0.0089102
-0.079628,0.028354,0.081604,-0.023031,0.067905,0.02407,-0.012307
-0.081703,0.0295,0.083447,-0.02415,0.072839,0.025211,-0.015622
-0.083707,0.030611,0.085223,-0.025237,0.077638,0.026318,-0.018855
-0.08564,0.031686,0.086933,-0.02629,0.0823,0.027391,-0.022006
-0.087501,0.032727,0.088577,-0.027311,0.086826,0.028431,-0.025075
-0.08929,0.033733,0.090154,-0.028299,0.091217,0.029437,-0.028062
-0.091008,0.034703,0.091665,-0.029253,0.095471,0.030409,-0.030966
-0.092655,0.035638,0.093109,-0.030175,0.09959,0.031347,-0.033789
-0.094231,0.036539,0.094487,-0.031064,0.10357,0.032251,-0.036529
-0.095735,0.037404,0.095798,-0.03192,0.10742,0.033122,-0.039188
-0.097168,0.038234,0.097043,-0.032742,0.11113,0.033959,-0.041764
-0.098529,0.039029,0.098222,-0.033532,0.11471,0.034762,-0.044259
-0.099819,0.039789,0.099334,-0.034289,0.11814,0.035532,-0.046671
-0.10104,0.040514,0.10038,-0.035013,0.12145,0.036267,-0.049001
-0.10219,0.041204,0.10136,-0.035704,0.12461,0.036969,-0.05125
-0.10326,0.041859,0.10227,-0.036362,0.12765,0.037638,-0.053416
-0.10427,0.042479,0.10312,-0.036987,0.13054,0.038272,-0.0555
-0.1052,0.043064,0.1039,-0.037579,0.1333,0.038873,-0.057502
-0.10606,0.043613,0.10461,-0.038138,0.13592,0.03944,-0.059422
-0.10685,0.044128,0.10526,-0.038665,0.13841,0.039973,-0.06126
-0.10757,0.044608,0.10584,-0.039158,0.14076,0.040472,-0.063016
-0.10822,0.045052,0.10636,-0.039618,0.14298,0.040938,-0.064689
-0.10879,0.045462,0.1068,-0.040045,0.14506,0.04137,-0.066281
-0.1093,0.045836,0.10719,-0.04044,0.147,0.041768,-0.067791
-0.10973,0.046175,0.1075,-0.040801,0.14881,0.042132,-0.069218
-0.1101,0.046479,0.10775,-0.04113,0.15048,0.042463,-0.070564
-0.11039,0.046749,0.10793,-0.041425,0.15202,0.04276,-0.071827
-0.11061,0.046983,0.10805,-0.041688,0.15342,0.043023,-0.073009
-0.11075,0.047182,0.1081,-0.041917,0.15468,0.043253,-0.074108
-0.11083,0.047346,0.10808,-0.042114,0.15581,0.043448,-0.075126
-0.11084,0.047475,0.108,-0.042277,0.1568,0.04361,-0.076061
