0,0,0,0,0,0,0
0.017818,0.019889,-0.0071023,0.041103,0.0019549,-0.033936,-0.016271
0.035029,0.038996,-0.014059,0.080551,0.0038885,-0.066498,-0.032012
0.051631,0.057319,-0.020869,0.11834,0.005801,-0.097686,-0.047223
0.067625,0.07486,-0.027533,0.15448,0.0076921,-0.1275,-0.061903
0.083011,0.091617,-0.034052,0.18896,0.009562,-0.15594,-0.076054
0.097788,0.10759,-0.040424,0.22178,0.011411,-0.18301,-0.089675
0.11196,0.12278,-0.046651,0.25295,0.013238,-0.2087,-0.10277
0.12552,0.13719,-0.052732,0.28246,0.015044,-0.23302,-0.11533
0.13847,0.15082,-0.058666,0.31032,0.016829,-0.25597,-0.12736
0.15082,0.16366,-0.064455,0.33652,0.018593,-0.27754,-0.13886
0.16255,0.17572,-0.070097,0.36107,0.020335,-0.29774,-0.14983
0.17368,0.187,-0.075594,0.38396,0.022056,-0.31656,-0.16027
0.1842,0.19749,-0.080945,0.40519,0.023756,-0.33401,-0.17018
0.19411,0.2072,-0.08615,0.42477,0.025435,-0.35009,-0.17956
0.20342,0.21613,-0.091208,0.44269,0.027092,-0.36479,-0.18841
0.21211,0.22428,-0.096121,0.45895,0.028729,-0.37812,-0.19673
0.2202,0.23164,-0.10089,0.47356,0.030343,-0.39008,-0.20452
0.22768,0.23822,-0.10551,0.48652,0.031937,-0.40066,-0.21178
0.23455,0.24402,-0.10998,0.49782,0.03351,-0.40987,-0.21851
0.24082,0.24903,-0.11431,0.50746,0.035061,-0.4177,-0.22471
0.24647,0.25326,-0.1185,0.51544,0.036591,-0.42416,-0.23038
0.25152,0.25671,-0.12253,0.52177,0.038099,-0.42925,-0.23552
0.25596,0.25937,-0.12642,0.52645,0.039587,-0.43296,-0.24013
0.25979,0.26126,-0.13017,0.52947,0.041053,-0.4353,-0.24421
0.26301,0.26236,-0.13377,0.53083,0.042498,-0.43627,-0.24776
0.26562,0.26267,-0.13722,0.53054,0.043922,-0.43586,-0.25078
0.26763,0.26221,-0.14053,0.52859,0.045324,-0.43408,-0.25327
0.26903,0.26096,-0.14369,0.52499,0.046705,-0.43092,-0.25523
0.26981,0.25892,-0.14671,0.51972,0.048065,-0.4264,-0.25666
0.27,0.25611,-0.14957,0.51281,0.049404,-0.42049,-0.25756
0.26957,0.25251,-0.1523,0.50424,0.050721,-0.41322,-0.25793
0.26853,0.24813,-0.15488,0.49401,0.052017,-0.40457,-0.25777
0.26689,0.24296,-0.15731,0.48213,0.053292,-0.39454,-0.25708
0.26464,0.23702,-0.15959,0.46859,0.054546,-0.38314,-0.25586
0.26178,0.23029,-0.16173,0.45339,0.055778,-0.37037,-0.25411
0.25831,0.22277,-0.16372,0.43654,0.05699,-0.35623,-0.25183
0.25424,0.21448,-0.16557,0.41803,0.05818,-0.34071,-0.24902
0.24955,0.2054,-0.16727,0.39787,0.059348,-0.32381,-0.24567
0.24426,0.19554,-0.16883,0.37605,0.060496,-0.30555,-0.2418
0.23836,0.18489,-0.17024,0.35257,0.061622,-0.28591,-0.2374
0.23185,0.17347,-0.1715,0.32744,0.062727,-0.26489,-0.23247
0.22473,0.16126,-0.17262,0.30066,0.063811,-0.2425,-0.22701
0.21701,0.14826,-0.17359,0.27222,0.064873,-0.21874,-0.22102
0.20868,0.13449,-0.17442,0.24212,0.065914,-0.19361,-0.2145
0.19973,0.11993,-0.1751,0.21036,0.066934,-0.1671,-0.20745
0.19018,0.10458,-0.17563,0.17695,0.067933,-0.13922,-0.19987
0.18003,0.08846,-0.17602,0.14189,0.06891,-0.10996,-0.19176
0.16926,0.071552,-0.17626,0.10517,0.069866,-0.079329,-0.18312
0.15789,0.053861,-0.17636,0.066789,0.070801,-0.047325,-0.17394
0.1459,0.035387,-0.17631,0.026756,0.071715,-0.013947,-0.16424
0.13331,0.016131,-0.17611,-0.014933,0.072608,0.020805,-0.15401
0.12012,-0.0039089,-0.17577,-0.058278,0.073479,0.05693,-0.14325
0.10631,-0.024731,-0.17528,-0.10328,0.074329,0.094429,-0.13196
0.091893,-0.046337,-0.17465,-0.14994,0.075157,0.1333,-0.12014
0.07687,-0.068725,-0.17387,-0.19825,0.075965,0.17355,-0.10779
0.061239,-0.091897,-0.17294,-0.24822,0.076751,0.21517,-0.094905
0.044999,-0.11585,-0.17187,-0.29984,0.077516,0.25816,-0.081493
0.028152,-0.14059,-0.17065,-0.35312,0.07826,0.30253,-0.067552
0.010696,-0.16611,-0.16929,-0.40806,0.078982,0.34827,-0.05308
-0.0073683,-0.19241,-0.16778,-0.46465,0.079683,0.39539,-0.038078
-0.026041,-0.2195,-0.16612,-0.5229,0.080363,0.44388,-0.022547
-0.045321,-0.24737,-0.16432,-0.5828,0.081022,0.49374,-0.0064848
-0.06521,-0.27602,-0.16237,-0.64436,0.08166,0.54498,0.010107
-0.085706,-0.30545,-0.16028,-0.70757,0.082276,0.59759,0.027229
-0.10681,-0.33567,-0.15804,-0.77244,0.082871,0.65157,0.044881
-0.12852,-0.36667,-0.15566,-0.83897,0.083445,0.70693,0.063063
-0.15085,-0.39845,-0.15312,-0.90715,0.083997,0.76366,0.081775
-0.1457,-0.38504,-0.14764,-0.87483,0.08145,0.73668,0.079077
-0.14055,-0.37162,-0.14216,-0.8425,0.078902,0.70969,0.076379
-0.1354,-0.3582,-0.13668,-0.81017,0.076354,0.68271,0.073682
-0.13025,-0.34479,-0.1312,-0.77784,0.073807,0.65572,0.070984
-0.12511,-0.33137,-0.12572,-0.74551,0.071259,0.62874,0.068286
-0.11996,-0.31795,-0.12024,-0.71318,0.068712,0.60176,0.065589
-0.11481,-0.30454,-0.11476,-0.68085,0.066164,0.57477,0.062891
-0.10966,-0.29112,-0.10927,-0.64852,0.063617,0.54779,0.060193
-0.10451,-0.2777,-0.10379,-0.61619,0.061069,0.52081,0.057496
-0.099365,-0.26429,-0.098311,-0.58387,0.058522,0.49382,0.054798
-0.094217,-0.25087,-0.09283,-0.55154,0.055974,0.46684,0.0521
-0.089069,-0.23745,-0.087348,-0.51921,0.053427,0.43985,0.049403
-0.083921,-0.22403,-0.081867,-0.48688,0.050879,0.41287,0.046705
-0.078773,-0.21062,-0.076386,-0.45455,0.048332,0.38589,0.044007
-0.073625,-0.1972,-0.070904,-0.42222,0.045784,0.3589,0.04131
-0.068477,-0.18378,-0.065423,-0.38989,0.043237,0.33192,0.038612
-0.063329,-0.17037,-0.059942,-0.35756,0.040689,0.30493,0.035914
-0.058181,-0.15695,-0.05446,-0.32523,0.038142,0.27795,0.033217
-0.053033,-0.14353,-0.048979,-0.29291,0.035594,0.25097,0.030519
-0.047885,-0.13012,-0.043498,-0.26058,0.033047,0.22398,0.027821
-0.042737,-0.1167,-0.038016,-0.22825,0.030499,0.197,0.025123
-0.037589,-0.10328,-0.032535,-0.19592,0.027952,0.17002,0.022426
-0.032441,-0.089867,-0.027054,-0.16359,0.025404,0.14303,0.019728
-0.027293,-0.07645,-0.021572,-0.13126,0.022857,0.11605,0.01703
-0.022145,-0.063033,-0.016091,-0.098932,0.020309,0.089064,0.014333
-0.016997,-0.049616,-0.01061,-0.066603,0.017762,0.062081,0.011635
-0.011849,-0.036199,-0.0051284,-0.034274,0.015214,0.035097,0.0089375
-0.0067011,-0.022783,0.00035295,-0.0019455,0.012667,0.0081129,0.0062398
-0.0015531,-0.0093657,0.0058343,0.030383,0.010119,-0.018871,0.0035421
0.003595,0.0040511,0.011316,0.062712,0.0075715,-0.045855,0.00084444
0.008743,0.017468,0.016797,0.095041,0.005024,-0.072839,-0.0018532
0.013891,0.030885,0.022278,0.12737,0.0024765,-0.099822,-0.0045509
0.019039,0.044302,0.02776,0.1597,-7.1044e-05,-0.12681,-0.0072486
0.024187,0.057718,0.033241,0.19203,-0.0026186,-0.15379,-0.0099462
0.029335,0.071135,0.038722,0.22436,-0.0051661,-0.18077,-0.012644
0.034483,0.084552,0.044204,0.25669,-0.0077136,-0.20776,-0.015342
0.039631,0.097969,0.049685,0.28901,-0.010261,-0.23474,-0.018039
0.037455,0.09428,0.048748,0.27973,-0.0089294,-0.22712,-0.017869
0.035279,0.090591,0.047811,0.27045,-0.0075977,-0.21949,-0.0177
0.033103,0.086902,0.046874,0.26117,-0.006266,-0.21187,-0.01753
0.030927,0.083213,0.045937,0.25189,-0.0049343,-0.20425,-0.01736
0.028752,0.079524,0.045,0.24261,-0.0036026,-0.19662,-0.01719
0.026576,0.075835,0.044063,0.23333,-0.002271,-0.189,-0.01702
0.0244,0.072147,0.043127,0.22405,-0.00093926,-0.18137,-0.01685
0.022224,0.068458,0.04219,0.21477,0.00039243,-0.17375,-0.01668
0.020048,0.064769,0.041253,0.20549,0.0017241,-0.16612,-0.01651
0.017872,0.06108,0.040316,0.19621,0.0030558,-0.1585,-0.016341
0.015696,0.057391,0.039379,0.18693,0.0043875,-0.15088,-0.016171
0.01352,0.053702,0.038442,0.17765,0.0057192,-0.14325,-0.016001
0.011344,0.050013,0.037505,0.16837,0.0070509,-0.13563,-0.015831
0.0091684,0.046324,0.036568,0.15909,0.0083826,-0.128,-0.015661
0.0069925,0.042636,0.035631,0.14981,0.0097143,-0.12038,-0.015491
0.0048166,0.038947,0.034694,0.14053,0.011046,-0.11276,-0.015321
0.0026407,0.035258,0.033757,0.13125,0.012378,-0.10513,-0.015151
0.00046483,0.031569,0.032821,0.12197,0.013709,-0.097508,-0.014982
-0.0017111,0.02788,0.031884,0.11269,0.015041,-0.089884,-0.014812
-0.003887,0.024191,0.030947,0.10341,0.016373,-0.08226,-0.014642
-0.0060629,0.020502,0.03001,0.094126,0.017704,-0.074636,-0.014472
-0.0082388,0.016813,0.029073,0.084846,0.019036,-0.067012,-0.014302
-0.010415,0.013125,0.028136,0.075565,0.020368,-0.059387,-0.014132
-0.012591,0.0094357,0.027199,0.066285,0.0217,-0.051763,-0.013962
-0.014766,0.0057468,0.026262,0.057005,0.023031,-0.044139,-0.013792
-0.016942,0.002058,0.025325,0.047724,0.024363,-0.036515,-0.013623
-0.019118,-0.0016309,0.024388,0.038444,0.025695,-0.028891,-0.013453
-0.021294,-0.0053198,0.023451,0.029164,0.027026,-0.021267,-0.013283
-0.02347,-0.0090087,0.022515,0.019883,0.028358,-0.013643,-0.013113
-0.025646,-0.012698,0.021578,0.010603,0.02969,-0.0060189,-0.012943
-0.027822,-0.016386,0.020641,0.0013224,0.031021,0.0016052,-0.012773
-0.029998,-0.020075,0.019704,-0.007958,0.032353,0.0092293,-0.012603
-0.032174,-0.023764,0.018767,-0.017238,0.033685,0.016853,-0.012433
-0.03435,-0.027453,0.01783,-0.026519,0.035016,0.024477,-0.012264
-0.036526,-0.031142,0.016893,-0.035799,0.036348,0.032102,-0.012094
-0.038701,-0.034831,0.015956,-0.04508,0.03768,0.039726,-0.011924
-0.040877,-0.03852,0.015019,-0.05436,0.039012,0.04735,-0.011754
-0.043053,-0.042209,0.014082,-0.06364,0.040343,0.054974,-0.011584
-0.04177,-0.039556,0.013839,-0.057483,0.039037,0.050698,-0.010548
-0.040488,-0.036903,0.013595,-0.051325,0.037731,0.046422,-0.0095122
-0.039205,-0.034251,0.013352,-0.045167,0.036426,0.042146,-0.0084763
-0.037922,-0.031598,0.013108,-0.03901,0.03512,0.03787,-0.0074404
-0.036639,-0.028946,0.012865,-0.032852,0.033814,0.033595,-0.0064045
-0.035357,-0.026293,0.012621,-0.026694,0.032508,0.029319,-0.0053685
-0.034074,-0.023641,0.012378,-0.020537,0.031202,0.025043,-0.0043326
-0.032791,-0.020988,0.012134,-0.014379,0.029896,0.020767,-0.0032967
-0.031508,-0.018336,0.011891,-0.0082212,0.02859,0.016491,-0.0022608
-0.030225,-0.015683,0.011647,-0.0020635,0.027284,0.012215,-0.0012248
-0.028943,-0.01303,0.011403,0.0040942,0.025978,0.0079396,-0.0001889
-0.02766,-0.010378,0.01116,0.010252,0.024673,0.0036637,0.00084703
-0.026377,-0.0077254,0.010916,0.01641,0.023367,-0.00061213,0.001883
-0.025094,-0.0050728,0.010673,0.022567,0.022061,-0.004888,0.0029189
-0.023812,-0.0024203,0.010429,0.028725,0.020755,-0.0091638,0.0039548
-0.022529,0.00023226,0.010186,0.034883,0.019449,-0.01344,0.0049907
-0.021246,0.0028848,0.0099422,0.04104,0.018143,-0.017715,0.0060267
-0.019963,0.0055374,0.0096987,0.047198,0.016837,-0.021991,0.0070626
-0.018681,0.0081899,0.0094551,0.053356,0.015531,-0.026267,0.0080985
-0.017398,0.010842,0.0092116,0.059513,0.014225,-0.030543,0.0091345
-0.016115,0.013495,0.008968,0.065671,0.01292,-0.034819,0.01017
-0.014832,0.016148,0.0087245,0.071829,0.011614,-0.039095,0.011206
-0.013549,0.0188,0.008481,0.077986,0.010308,-0.043371,0.012242
-0.012267,0.021453,0.0082374,0.084144,0.0090019,-0.047646,0.013278
-0.010984,0.024105,0.0079939,0.090302,0.007696,-0.051922,0.014314
-0.0097011,0.026758,0.0077504,0.09646,0.0063901,-0.056198,0.01535
-0.0084183,0.02941,0.0075068,0.10262,0.0050842,-0.060474,0.016386
-0.0071355,0.032063,0.0072633,0.10877,0.0037783,-0.06475,0.017422
-0.0058527,0.034715,0.0070197,0.11493,0.0024724,-0.069026,0.018458
-0.00457,0.037368,0.0067762,0.12109,0.0011666,-0.073301,0.019494
-0.0032872,0.040021,0.0065327,0.12725,-0.00013934,-0.077577,0.02053
-0.0020044,0.042673,0.0062891,0.13341,-0.0014452,-0.081853,0.021566
-0.00072163,0.045326,0.0060456,0.13956,-0.0027511,-0.086129,0.022602
0.00056115,0.047978,0.005802,0.14572,-0.004057,-0.090405,0.023637
0.0018439,0.050631,0.0055585,0.15188,-0.0053629,-0.094681,0.024673
0.0031267,0.053283,0.005315,0.15804,-0.0066688,-0.098956,0.025709
0.0044095,0.055936,0.0050714,0.16419,-0.0079747,-0.10323,0.026745
0.0056923,0.058588,0.0048279,0.17035,-0.0092806,-0.10751,0.027781
0.006975,0.061241,0.0045843,0.17651,-0.010586,-0.11178,0.028817
0.0055151,0.055619,0.0047721,0.16157,-0.0099797,-0.10252,0.027605
0.0040552,0.049996,0.0049599,0.14663,-0.0093729,-0.093254,0.026392
0.0025953,0.044374,0.0051477,0.13169,-0.0087662,-0.08399,0.02518
0.0011354,0.038752,0.0053355,0.11675,-0.0081594,-0.074725,0.023968
-0.00032451,0.03313,0.0055233,0.1018,-0.0075526,-0.06546,0.022756
-0.0017844,0.027508,0.0057111,0.086863,-0.0069459,-0.056196,0.021543
-0.0032443,0.021885,0.0058989,0.071922,-0.0063391,-0.046931,0.020331
-0.0047042,0.016263,0.0060867,0.056981,-0.0057323,-0.037666,0.019119
-0.0061641,0.010641,0.0062746,0.04204,-0.0051256,-0.028401,0.017906
-0.007624,0.0050187,0.0064624,0.027099,-0.0045188,-0.019137,0.016694
-0.009084,-0.0006035,0.0066502,0.012158,-0.0039121,-0.0098718,0.015482
-0.010544,-0.0062257,0.006838,-0.0027835,-0.0033053,-0.0006071,0.014269
-0.012004,-0.011848,0.0070258,-0.017725,-0.0026985,0.0086576,0.013057
-0.013464,-0.01747,0.0072136,-0.032666,-0.0020918,0.017922,0.011845
-0.014924,-0.023092,0.0074014,-0.047607,-0.001485,0.027187,0.010632
-0.016383,-0.028715,0.0075892,-0.062548,-0.00087824,0.036452,0.0094201
-0.017843,-0.034337,0.007777,-0.077489,-0.00027148,0.045717,0.0082078
-0.019303,-0.039959,0.0079648,-0.09243,0.00033528,0.054981,0.0069955
-0.020763,-0.045581,0.0081526,-0.10737,0.00094204,0.064246,0.0057832
-0.022223,-0.051203,0.0083404,-0.12231,0.0015488,0.073511,0.0045709
-0.023683,-0.056826,0.0085282,-0.13725,0.0021556,0.082776,0.0033586
-0.025143,-0.062448,0.008716,-0.15219,0.0027623,0.09204,0.0021463
-0.026603,-0.06807,0.0089038,-0.16714,0.0033691,0.10131,0.00093396
-0.028063,-0.073692,0.0090916,-0.18208,0.0039759,0.11057,-0.00027835
-0.029523,-0.079315,0.0092794,-0.19702,0.0045826,0.11983,-0.0014907
-0.030983,-0.084937,0.0094672,-0.21196,0.0051894,0.1291,-0.002703
-0.032442,-0.090559,0.009655,-0.2269,0.0057961,0.13836,-0.0039153
-0.033902,-0.096181,0.0098428,-0.24184,0.0064029,0.14763,-0.0051276
-0.035362,-0.1018,0.010031,-0.25678,0.0070097,0.15689,-0.0063399
-0.036822,-0.10743,0.010218,-0.27172,0.0076164,0.16616,-0.0075522
-0.038282,-0.11305,0.010406,-0.28666,0.0082232,0.17542,-0.0087645
-0.039742,-0.11867,0.010594,-0.30161,0.00883,0.18469,-0.0099768
-0.041202,-0.12429,0.010782,-0.31655,0.0094367,0.19395,-0.011189
-0.042662,-0.12991,0.01097,-0.33149,0.010043,0.20322,-0.012401
-0.044122,-0.13554,0.011157,-0.34643,0.01065,0.21248,-0.013614
-0.045582,-0.14116,0.011345,-0.36137,0.011257,0.22175,-0.014826
-0.047042,-0.14678,0.011533,-0.37631,0.011864,0.23101,-0.016038
-0.048501,-0.1524,0.011721,-0.39125,0.012471,0.24028,-0.017251
-0.049961,-0.15803,0.011909,-0.40619,0.013077,0.24954,-0.018463
-0.048273,-0.15506,0.011245,-0.3978,0.012038,0.24442,-0.01796
-0.046585,-0.15209,0.010582,-0.38942,0.010999,0.2393,-0.017457
-0.044897,-0.14912,0.0099181,-0.38103,0.0099605,0.23417,-0.016954
-0.043209,-0.14615,0.0092546,-0.37264,0.0089216,0.22905,-0.016452
-0.041521,-0.14318,0.0085911,-0.36425,0.0078826,0.22393,-0.015949
-0.039832,-0.14021,0.0079277,-0.35586,0.0068437,0.2188,-0.015446
-0.038144,-0.13724,0.0072642,-0.34748,0.0058048,0.21368,-0.014943
-0.036456,-0.13427,0.0066007,-0.33909,0.0047658,0.20856,-0.01444
-0.034768,-0.1313,0.0059372,-0.3307,0.0037269,0.20344,-0.013937
-0.03308,-0.12832,0.0052737,-0.32231,0.002688,0.19831,-0.013435
-0.031392,-0.12535,0.0046102,-0.31392,0.001649,0.19319,-0.012932
-0.029703,-0.12238,0.0039468,-0.30554,0.00061008,0.18807,-0.012429
-0.028015,-0.11941,0.0032833,-0.29715,-0.00042885,0.18295,-0.011926
-0.026327,-0.11644,0.0026198,-0.28876,-0.0014678,0.17782,-0.011423
-0.024639,-0.11347,0.0019563,-0.28037,-0.0025067,0.1727,-0.010921
-0.022951,-0.1105,0.0012928,-0.27198,-0.0035457,0.16758,-0.010418
-0.021263,-0.10753,0.00062933,-0.2636,-0.0045846,0.16246,-0.0099148
-0.019574,-0.10456,-3.416e-05,-0.25521,-0.0056235,0.15733,-0.009412
-0.017886,-0.10159,-0.00069764,-0.24682,-0.0066625,0.15221,-0.0089092
-0.016198,-0.098624,-0.0013611,-0.23843,-0.0077014,0.14709,-0.0084063
-0.01451,-0.095654,-0.0020246,-0.23004,-0.0087403,0.14197,-0.0079035
-0.012822,-0.092684,-0.0026881,-0.22166,-0.0097793,0.13684,-0.0074007
-0.011134,-0.089714,-0.0033516,-0.21327,-0.010818,0.13172,-0.0068978
-0.0094454,-0.086744,-0.0040151,-0.20488,-0.011857,0.1266,-0.006395
-0.0077572,-0.083774,-0.0046786,-0.19649,-0.012896,0.12147,-0.0058922
-0.006069,-0.080804,-0.005342,-0.1881,-0.013935,0.11635,-0.0053893
-0.0043809,-0.077834,-0.0060055,-0.17972,-0.014974,0.11123,-0.0048865
-0.0026927,-0.074864,-0.006669,-0.17133,-0.016013,0.10611,-0.0043837
-0.0010045,-0.071894,-0.0073325,-0.16294,-0.017052,0.10098,-0.0038808
0.00068363,-0.068924,-0.007996,-0.15455,-0.018091,0.095861,-0.003378
0.0023718,-0.065954,-0.0086595,-0.14616,-0.01913,0.090739,-0.0028752
0.00406,-0.062984,-0.009323,-0.13778,-0.020169,0.085616,-0.0023723
0.0057481,-0.060013,-0.0099864,-0.12939,-0.021208,0.080493,-0.0018695
0.0074363,-0.057043,-0.01065,-0.121,-0.022246,0.075371,-0.0013667
0.0091245,-0.054073,-0.011313,-0.11261,-0.023285,0.070248,-0.00086384
0.010813,-0.051103,-0.011977,-0.10422,-0.024324,0.065126,-0.00036101
0.012501,-0.048133,-0.01264,-0.095836,-0.025363,0.060003,0.00014183
0.014189,-0.045163,-0.013304,-0.087448,-0.026402,0.05488,0.00064466
0.015877,-0.042193,-0.013967,-0.07906,-0.027441,0.049758,0.0011475
0.017565,-0.039223,-0.014631,-0.070672,-0.02848,0.044635,0.0016503
0.019253,-0.036253,-0.015294,-0.062284,-0.029519,0.039512,0.0021532
0.020942,-0.033283,-0.015958,-0.053896,-0.030558,0.03439,0.002656
0.02263,-0.030313,-0.016621,-0.045508,-0.031597,0.029267,0.0031588
0.024318,-0.027343,-0.017285,-0.03712,-0.032636,0.024144,0.0036617
0.026006,-0.024373,-0.017948,-0.028732,-0.033675,0.019022,0.0041645
0.027694,-0.021403,-0.018612,-0.020344,-0.034714,0.013899,0.0046673
0.029382,-0.018433,-0.019275,-0.011956,-0.035753,0.0087764,0.0051702
0.031071,-0.015463,-0.019939,-0.0035681,-0.036792,0.0036538,0.005673
0.032759,-0.012492,-0.020602,0.00482,-0.03783,-0.0014688,0.0061758
0.034447,-0.0095224,-0.021266,0.013208,-0.038869,-0.0065915,0.0066787
0.036135,-0.0065523,-0.021929,0.021596,-0.039908,-0.011714,0.0071815
0.037823,-0.0035823,-0.022593,0.029984,-0.040947,-0.016837,0.0076843
0.039511,-0.00061221,-0.023256,0.038372,-0.041986,-0.021959,0.0081872
0.0412,0.0023579,-0.02392,0.04676,-0.043025,-0.027082,0.00869
0.042888,0.0053279,-0.024583,0.055148,-0.044064,-0.032205,0.0091928
0.044576,0.008298,-0.025247,0.063536,-0.045103,-0.037327,0.0096957
0.046264,0.011268,-0.02591,0.071924,-0.046142,-0.04245,0.010198
0.047952,0.014238,-0.026574,0.080312,-0.047181,-0.047573,0.010701
0.04964,0.017208,-0.027237,0.0887,-0.04822,-0.052695,0.011204
0.051329,0.020178,-0.027901,0.097088,-0.049259,-0.057818,0.011707
0.053017,0.023148,-0.028564,0.10548,-0.050298,-0.062941,0.01221
0.054705,0.026118,-0.029228,0.11386,-0.051337,-0.068063,0.012713
0.056393,0.029088,-0.029891,0.12225,-0.052376,-0.073186,0.013215
0.058081,0.032059,-0.030554,0.13064,-0.053415,-0.078309,0.013718
0.059769,0.035029,-0.031218,0.13903,-0.054453,-0.083431,0.014221
0.061458,0.037999,-0.031881,0.14742,-0.055492,-0.088554,0.014724
0.063146,0.040969,-0.032545,0.1558,-0.056531,-0.093676,0.015227
0.064834,0.043939,-0.033208,0.16419,-0.05757,-0.098799,0.01573
0.066522,0.046909,-0.033872,0.17258,-0.058609,-0.10392,0.016232
0.06821,0.049879,-0.034535,0.18097,-0.059648,-0.10904,0.016735
0.067089,0.048394,-0.034784,0.17992,-0.057634,-0.1091,0.015464
0.065968,0.046908,-0.035032,0.17888,-0.055619,-0.10916,0.014192
0.064846,0.045423,-0.03528,0.17783,-0.053605,-0.10922,0.01292
0.063725,0.043937,-0.035529,0.17678,-0.051591,-0.10928,0.011648
0.062603,0.042452,-0.035777,0.17574,-0.049576,-0.10934,0.010376
0.061482,0.040967,-0.036025,0.17469,-0.047562,-0.10939,0.0091047
0.060361,0.039481,-0.036274,0.17364,-0.045548,-0.10945,0.0078329
0.059239,0.037996,-0.036522,0.1726,-0.043534,-0.10951,0.0065612
0.058118,0.036511,-0.03677,0.17155,-0.041519,-0.10957,0.0052894
0.056997,0.035025,-0.037019,0.1705,-0.039505,-0.10963,0.0040176
0.055875,0.03354,-0.037267,0.16946,-0.037491,-0.10969,0.0027459
0.054754,0.032055,-0.037515,0.16841,-0.035476,-0.10974,0.0014741
0.053633,0.030569,-0.037763,0.16737,-0.033462,-0.1098,0.00020233
0.052511,0.029084,-0.038012,0.16632,-0.031448,-0.10986,-0.0010694
0.05139,0.027599,-0.03826,0.16527,-0.029433,-0.10992,-0.0023412
0.050268,0.026113,-0.038508,0.16423,-0.027419,-0.10998,-0.003613
0.049147,0.024628,-0.038757,0.16318,-0.025405,-0.11003,-0.0048847
0.048026,0.023142,-0.039005,0.16213,-0.02339,-0.11009,-0.0061565
0.046904,0.021657,-0.039253,0.16109,-0.021376,-0.11015,-0.0074283
0.045783,0.020172,-0.039502,0.16004,-0.019362,-0.11021,-0.0087
0.044662,0.018686,-0.03975,0.15899,-0.017347,-0.11027,-0.0099718
0.04354,0.017201,-0.039998,0.15795,-0.015333,-0.11033,-0.011244
0.042419,0.015716,-0.040247,0.1569,-0.013319,-0.11038,-0.012515
0.041298,0.01423,-0.040495,0.15586,-0.011304,-0.11044,-0.013787
0.040176,0.012745,-0.040743,0.15481,-0.00929,-0.1105,-0.015059
0.039055,0.01126,-0.040992,0.15376,-0.0072756,-0.11056,-0.016331
0.037933,0.0097742,-0.04124,0.15272,-0.0052613,-0.11062,-0.017602
0.036812,0.0082888,-0.041488,0.15167,-0.003247,-0.11068,-0.018874
0.035691,0.0068035,-0.041736,0.15062,-0.0012327,-0.11073,-0.020146
0.034569,0.0053181,-0.041985,0.14958,0.00078167,-0.11079,-0.021418
0.033448,0.0038328,-0.042233,0.14853,0.002796,-0.11085,-0.02269
0.032327,0.0023474,-0.042481,0.14748,0.0048103,-0.11091,-0.023961
0.031205,0.00086205,-0.04273,0.14644,0.0068246,-0.11097,-0.025233
0.025992,-0.0038831,-0.03662,0.12533,0.003013,-0.095018,-0.022085
0.020778,-0.0086282,-0.030511,0.10422,-0.00079871,-0.07907,-0.018937
0.015565,-0.013373,-0.024402,0.083111,-0.0046104,-0.063121,-0.015788
0.010351,-0.018119,-0.018293,0.062002,-0.0084221,-0.047173,-0.01264
0.0051377,-0.022864,-0.012183,0.040894,-0.012234,-0.031225,-0.0094918
-7.5821e-05,-0.027609,-0.0060741,0.019785,-0.016045,-0.015276,-0.0063436
-0.0052893,-0.032354,3.515e-05,-0.0013241,-0.019857,0.00067221,-0.0031953
-0.010503,-0.037099,0.0061444,-0.022433,-0.023669,0.016621,-4.71e-05
-0.015716,-0.041844,0.012254,-0.043542,-0.02748,0.032569,0.0031011
-0.02093,-0.046589,0.018363,-0.064651,-0.031292,0.048517,0.0062494
-0.026143,-0.051334,0.024472,-0.085759,-0.035104,0.064466,0.0093976
-0.031357,-0.05608,0.030582,-0.10687,-0.038915,0.080414,0.012546
-0.03657,-0.060825,0.036691,-0.12798,-0.042727,0.096363,0.015694
-0.041784,-0.06557,0.0428,-0.14909,-0.046539,0.11231,0.018842
-0.046998,-0.070315,0.048909,-0.17019,-0.050351,0.12826,0.021991
-0.052211,-0.07506,0.055019,-0.1913,-0.054162,0.14421,0.025139
-0.057425,-0.079805,0.061128,-0.21241,-0.057974,0.16016,0.028287
-0.062638,-0.08455,0.067237,-0.23352,-0.061786,0.1761,0.031435
-0.067852,-0.089296,0.073346,-0.25463,-0.065597,0.19205,0.034584
-0.073065,-0.094041,0.079456,-0.27574,-0.069409,0.208,0.037732
-0.078279,-0.098786,0.085565,-0.29685,-0.073221,0.22395,0.04088
-0.083492,-0.10353,0.091674,-0.31796,-0.077032,0.2399,0.044028
-0.088706,-0.10828,0.097783,-0.33907,-0.080844,0.25585,0.047177
-0.093919,-0.11302,0.10389,-0.36017,-0.084656,0.2718,0.050325
-0.099133,-0.11777,0.11,-0.38128,-0.088467,0.28774,0.053473
-0.10435,-0.12251,0.11611,-0.40239,-0.092279,0.30369,0.056621
-0.10956,-0.12726,0.12222,-0.4235,-0.096091,0.31964,0.059769
-0.11477,-0.132,0.12833,-0.44461,-0.099902,0.33559,0.062918
-0.11999,-0.13675,0.13444,-0.46572,-0.10371,0.35154,0.066066
-0.1252,-0.14149,0.14055,-0.48683,-0.10753,0.36749,0.069214
-0.13041,-0.14624,0.14666,-0.50794,-0.11134,0.38343,0.072362
-0.13563,-0.15098,0.15277,-0.52904,-0.11515,0.39938,0.075511
-0.13883,-0.14224,0.15771,-0.51154,-0.11163,0.38649,0.080298
-0.14203,-0.13349,0.16266,-0.49404,-0.10811,0.37359,0.085085
-0.14523,-0.12474,0.1676,-0.47654,-0.10458,0.36069,0.089872
-0.14844,-0.116,0.17255,-0.45904,-0.10106,0.3478,0.094659
-0.15164,-0.10725,0.17749,-0.44154,-0.097542,0.3349,0.099447
-0.15484,-0.098504,0.18244,-0.42404,-0.094021,0.322,0.10423
-0.15804,-0.089758,0.18739,-0.40654,-0.0905,0.30911,0.10902
-0.16124,-0.081012,0.19233,-0.38904,-0.086978,0.29621,0.11381
-0.16445,-0.072265,0.19728,-0.37154,-0.083457,0.28331,0.1186
-0.16765,-0.063519,0.20222,-0.35404,-0.079935,0.27042,0.12338
-0.17085,-0.054773,0.20717,-0.33654,-0.076414,0.25752,0.12817
-0.17405,-0.046026,0.21211,-0.31904,-0.072893,0.24462,0.13296
-0.17725,-0.03728,0.21706,-0.30154,-0.069371,0.23173,0.13774
-0.18046,-0.028533,0.222,-0.28404,-0.06585,0.21883,0.14253
-0.18366,-0.019787,0.22695,-0.26654,-0.062329,0.20594,0.14732
-0.18686,-0.011041,0.2319,-0.24904,-0.058807,0.19304,0.15211
-0.19006,-0.0022944,0.23684,-0.23154,-0.055286,0.18014,0.15689
-0.19326,0.0064519,0.24179,-0.21404,-0.051765,0.16725,0.16168
-0.19647,0.015198,0.24673,-0.19654,-0.048243,0.15435,0.16647
-0.19967,0.023945,0.25168,-0.17904,-0.044722,0.14145,0.17125
-0.20287,0.032691,0.25662,-0.16154,-0.041201,0.12856,0.17604
-0.20607,0.041437,0.26157,-0.14404,-0.037679,0.11566,0.18083
-0.20927,0.050184,0.26651,-0.12654,-0.034158,0.10276,0.18562
-0.21248,0.05893,0.27146,-0.10904,-0.030636,0.089867,0.1904
-0.21568,0.067676,0.2764,-0.091541,-0.027115,0.076971,0.19519
-0.21888,0.076423,0.28135,-0.074041,-0.023594,0.064074,0.19998
-0.22208,0.085169,0.2863,-0.056541,-0.020072,0.051178,0.20477
-0.22528,0.093915,0.29124,-0.039041,-0.016551,0.038281,0.20955
-0.22849,0.10266,0.29619,-0.021541,-0.01303,0.025385,0.21434
-0.23169,0.11141,0.30113,-0.0040408,-0.0095084,0.012488,0.21913
-0.23489,0.12015,0.30608,0.013459,-0.005987,-0.00040836,0.22391
-0.23809,0.1289,0.31102,0.030959,-0.0024656,-0.013305,0.2287
-0.24129,0.13765,0.31597,0.04846,0.0010557,-0.026201,0.23349
-0.2445,0.14639,0.32091,0.06596,0.0045771,-0.039098,0.23828
-0.2477,0.15514,0.32586,0.08346,0.0080984,-0.051994,0.24306
-0.2509,0.16389,0.33081,0.10096,0.01162,-0.064891,0.24785
-0.2541,0.17263,0.33575,0.11846,0.015141,-0.077787,0.25264
-0.2573,0.18138,0.3407,0.13596,0.018662,-0.090684,0.25742
-0.26051,0.19013,0.34564,0.15346,0.022184,-0.10358,0.26221
-0.26371,0.19887,0.35059,0.17096,0.025705,-0.11648,0.267
-0.26691,0.20762,0.35553,0.18846,0.029227,-0.12937,0.27179
-0.27011,0.21636,0.36048,0.20596,0.032748,-0.14227,0.27657
-0.27331,0.22511,0.36542,0.22346,0.036269,-0.15517,0.28136
-0.27652,0.23386,0.37037,0.24096,0.039791,-0.16806,0.28615
-0.27972,0.2426,0.37531,0.25846,0.043312,-0.18096,0.29093
-0.28292,0.25135,0.38026,0.27596,0.046833,-0.19386,0.29572
-0.28612,0.2601,0.38521,0.29346,0.050355,-0.20675,0.30051
-0.28932,0.26884,0.39015,0.31096,0.053876,-0.21965,0.3053
-0.29253,0.27759,0.3951,0.32846,0.057397,-0.23254,0.31008
-0.29573,0.28634,0.40004,0.34596,0.060919,-0.24544,0.31487
-0.29893,0.29508,0.40499,0.36346,0.06444,-0.25834,0.31966
-0.30213,0.30383,0.40993,0.38096,0.067961,-0.27123,0.32444
-0.30533,0.31257,0.41488,0.39846,0.071483,-0.28413,0.32923
-0.30854,0.32132,0.41982,0.41596,0.075004,-0.29703,0.33402
-0.31174,0.33007,0.42477,0.43346,0.078526,-0.30992,0.33881
-0.31494,0.33881,0.42972,0.45096,0.082047,-0.32282,0.34359
-0.31814,0.34756,0.43466,0.46846,0.085568,-0.33572,0.34838
-0.30561,0.33225,0.41755,0.45112,0.083793,-0.32334,0.3319
-0.29309,0.31695,0.40045,0.43377,0.082019,-0.31096,0.31542
-0.28056,0.30164,0.38334,0.41643,0.080244,-0.29858,0.29894
-0.26803,0.28634,0.36623,0.39908,0.078469,-0.2862,0.28246
-0.2555,0.27103,0.34913,0.38173,0.076694,-0.27382,0.26599
-0.24297,0.25573,0.33202,0.36439,0.074919,-0.26144,0.24951
-0.23044,0.24042,0.31491,0.34704,0.073145,-0.24906,0.23303
-0.21791,0.22511,0.2978,0.3297,0.07137,-0.23668,0.21655
-0.20538,0.20981,0.2807,0.31235,0.069595,-0.22431,0.20007
-0.19286,0.1945,0.26359,0.295,0.06782,-0.21193,0.18359
-0.18033,0.1792,0.24648,0.27766,0.066045,-0.19955,0.16711
-0.1678,0.16389,0.22938,0.26031,0.064271,-0.18717,0.15063
-0.15527,0.14858,0.21227,0.24297,0.062496,-0.17479,0.13415
-0.14274,0.13328,0.19516,0.22562,0.060721,-0.16241,0.11767
-0.13021,0.11797,0.17806,0.20828,0.058946,-0.15003,0.10119
-0.11768,0.10267,0.16095,0.19093,0.057171,-0.13765,0.084716
-0.10516,0.087361,0.14384,0.17358,0.055396,-0.12527,0.068237
-0.092628,0.072056,0.12673,0.15624,0.053622,-0.11289,0.051758
-0.080099,0.05675,0.10963,0.13889,0.051847,-0.10051,0.035279
-0.067571,0.041444,0.09252,0.12155,0.050072,-0.088136,0.0188
-0.055042,0.026138,0.075413,0.1042,0.048297,-0.075757,0.0023206
-0.042513,0.010833,0.058306,0.086854,0.046522,-0.063378,-0.014158
-0.029985,-0.0044732,0.041199,0.069509,0.044748,-0.050999,-0.030637
-0.017456,-0.019779,0.024092,0.052163,0.042973,-0.03862,-0.047117
-0.0049276,-0.035085,0.0069847,0.034817,0.041198,-0.02624,-0.063596
0.007601,-0.05039,-0.010122,0.017471,0.039423,-0.013861,-0.080075
0.02013,-0.065696,-0.027229,0.00012534,0.037648,-0.0014824,-0.096554
0.032658,-0.081002,-0.044336,-0.01722,0.035874,0.010897,-0.11303
0.045187,-0.096308,-0.061443,-0.034566,0.034099,0.023276,-0.12951
0.057715,-0.11161,-0.07855,-0.051912,0.032324,0.035655,-0.14599
0.054585,-0.10837,-0.075072,-0.048643,0.028998,0.033128,-0.13877
0.051455,-0.10513,-0.071594,-0.045374,0.025672,0.030602,-0.13155
0.048324,-0.10188,-0.068116,-0.042104,0.022346,0.028075,-0.12433
0.045194,-0.098639,-0.064637,-0.038835,0.01902,0.025548,-0.11711
0.042064,-0.095395,-0.061159,-0.035566,0.015694,0.023022,-0.10989
0.038934,-0.092152,-0.057681,-0.032296,0.012369,0.020495,-0.10267
0.035803,-0.088908,-0.054202,-0.029027,0.0090426,0.017969,-0.095449
0.032673,-0.085665,-0.050724,-0.025758,0.0057167,0.015442,-0.088228
0.029543,-0.082421,-0.047246,-0.022488,0.0023908,0.012915,-0.081008
0.026412,-0.079177,-0.043767,-0.019219,-0.00093505,0.010389,-0.073788
0.023282,-0.075934,-0.040289,-0.01595,-0.0042609,0.0078623,-0.066567
0.020152,-0.07269,-0.036811,-0.01268,-0.0075868,0.0053357,-0.059347
0.017022,-0.069446,-0.033332,-0.0094111,-0.010913,0.0028092,-0.052127
0.013891,-0.066203,-0.029854,-0.0061418,-0.014239,0.00028257,-0.044907
0.010761,-0.062959,-0.026376,-0.0028725,-0.017565,-0.002244,-0.037686
0.0076307,-0.059715,-0.022897,0.00039686,-0.02089,-0.0047706,-0.030466
0.0045004,-0.056472,-0.019419,0.0036662,-0.024216,-0.0072972,-0.023246
0.0013702,-0.053228,-0.015941,0.0069355,-0.027542,-0.0098238,-0.016025
-0.0017601,-0.049985,-0.012463,0.010205,-0.030868,-0.01235,-0.008805
-0.0048904,-0.046741,-0.0089842,0.013474,-0.034194,-0.014877,-0.0015847
-0.0080207,-0.043497,-0.0055059,0.016743,-0.03752,-0.017404,0.0056356
-0.011151,-0.040254,-0.0020276,0.020013,-0.040846,-0.01993,0.012856
-0.014281,-0.03701,0.0014507,0.023282,-0.044172,-0.022457,0.020076
-0.017412,-0.033766,0.004929,0.026551,-0.047498,-0.024983,0.027297
-0.020542,-0.030523,0.0084073,0.029821,-0.050823,-0.02751,0.034517
-0.023672,-0.027279,0.011886,0.03309,-0.054149,-0.030036,0.041737
-0.026802,-0.024036,0.015364,0.036359,-0.057475,-0.032563,0.048958
-0.029933,-0.020792,0.018842,0.039629,-0.060801,-0.03509,0.056178
-0.033063,-0.017548,0.022321,0.042898,-0.064127,-0.037616,0.063398
-0.036193,-0.014305,0.025799,0.046167,-0.067453,-0.040143,0.070618
-0.039324,-0.011061,0.029277,0.049437,-0.070779,-0.042669,0.077839
-0.042454,-0.0078174,0.032756,0.052706,-0.074105,-0.045196,0.085059
-0.045584,-0.0045737,0.036234,0.055975,-0.077431,-0.047723,0.092279
-0.043226,-0.0052837,0.034873,0.055556,-0.068551,-0.047107,0.082522
-0.040867,-0.0059936,0.033513,0.055137,-0.059672,-0.046491,0.072765
-0.038509,-0.0067036,0.032152,0.054718,-0.050793,-0.045875,0.063008
-0.036151,-0.0074136,0.030791,0.054299,-0.041914,-0.04526,0.053251
-0.033792,-0.0081235,0.029431,0.05388,-0.033035,-0.044644,0.043495
-0.031434,-0.0088335,0.02807,0.053462,-0.024156,-0.044028,0.033738
-0.029075,-0.0095434,0.026709,0.053043,-0.015277,-0.043412,0.023981
-0.026717,-0.010253,0.025349,0.052624,-0.0063977,-0.042797,0.014224
-0.024358,-0.010963,0.023988,0.052205,0.0024814,-0.042181,0.0044667
-0.022,-0.011673,0.022627,0.051786,0.011361,-0.041565,-0.0052903
-0.019642,-0.012383,0.021267,0.051367,0.02024,-0.04095,-0.015047
-0.017283,-0.013093,0.019906,0.050948,0.029119,-0.040334,-0.024804
-0.014925,-0.013803,0.018545,0.050529,0.037998,-0.039718,-0.034561
-0.012566,-0.014513,0.017185,0.05011,0.046877,-0.039102,-0.044318
-0.010208,-0.015223,0.015824,0.049691,0.055756,-0.038487,-0.054075
-0.0078496,-0.015933,0.014463,0.049272,0.064635,-0.037871,-0.063832
-0.0054912,-0.016643,0.013103,0.048853,0.073514,-0.037255,-0.073589
-0.0031328,-0.017353,0.011742,0.048434,0.082393,-0.036639,-0.083346
-0.00077443,-0.018063,0.010381,0.048015,0.091273,-0.036024,-0.093103
0.001584,-0.018773,0.0090206,0.047596,0.10015,-0.035408,-0.10286
0.0039424,-0.019483,0.0076599,0.047178,0.10903,-0.034792,-0.11262
0.0063008,-0.020193,0.0062992,0.046759,0.11791,-0.034177,-0.12237
0.0086592,-0.020903,0.0049386,0.04634,0.12679,-0.033561,-0.13213
0.011018,-0.021613,0.0035779,0.045921,0.13567,-0.032945,-0.14189
0.013376,-0.022323,0.0022172,0.045502,0.14455,-0.032329,-0.15164
0.015734,-0.023033,0.00085657,0.045083,0.15343,-0.031714,-0.1614
0.018093,-0.023743,-0.00050409,0.044664,0.16231,-0.031098,-0.17116
0.020451,-0.024453,-0.0018648,0.044245,0.17118,-0.030482,-0.18092
0.02281,-0.025163,-0.0032254,0.043826,0.18006,-0.029866,-0.19067
0.025168,-0.025873,-0.0045861,0.043407,0.18894,-0.029251,-0.20043
0.027526,-0.026582,-0.0059467,0.042988,0.19782,-0.028635,-0.21019
0.029885,-0.027292,-0.0073074,0.042569,0.2067,-0.028019,-0.21994
0.032243,-0.028002,-0.0086681,0.04215,0.21558,-0.027404,-0.2297
0.034602,-0.028712,-0.010029,0.041731,0.22446,-0.026788,-0.23946
0.03696,-0.029422,-0.011389,0.041312,0.23334,-0.026172,-0.24921
0.039318,-0.030132,-0.01275,0.040893,0.24222,-0.025556,-0.25897
0.041677,-0.030842,-0.014111,0.040475,0.2511,-0.024941,-0.26873
0.044035,-0.031552,-0.015471,0.040056,0.25998,-0.024325,-0.27849
0.042069,-0.0313,-0.015101,0.039101,0.24835,-0.024022,-0.26658
0.040103,-0.031048,-0.01473,0.038147,0.23673,-0.02372,-0.25467
0.038137,-0.030796,-0.01436,0.037193,0.2251,-0.023417,-0.24276
0.03617,-0.030544,-0.013989,0.036238,0.21348,-0.023115,-0.23085
0.034204,-0.030292,-0.013618,0.035284,0.20185,-0.022812,-0.21894
0.032238,-0.03004,-0.013248,0.03433,0.19023,-0.022509,-0.20704
0.030272,-0.029788,-0.012877,0.033375,0.1786,-0.022207,-0.19513
0.028306,-0.029536,-0.012506,0.032421,0.16698,-0.021904,-0.18322
0.026339,-0.029284,-0.012136,0.031467,0.15535,-0.021602,-0.17131
0.024373,-0.029032,-0.011765,0.030512,0.14373,-0.021299,-0.1594
0.022407,-0.02878,-0.011394,0.029558,0.1321,-0.020997,-0.1475
0.020441,-0.028528,-0.011024,0.028603,0.12048,-0.020694,-0.13559
0.018474,-0.028275,-0.010653,0.027649,0.10885,-0.020391,-0.12368
0.016508,-0.028023,-0.010283,0.026695,0.097228,-0.020089,-0.11177
0.014542,-0.027771,-0.0099119,0.02574,0.085603,-0.019786,-0.099863
0.012576,-0.027519,-0.0095413,0.024786,0.073978,-0.019484,-0.087955
0.010609,-0.027267,-0.0091707,0.023832,0.062353,-0.019181,-0.076047
0.0086433,-0.027015,-0.0088,0.022877,0.050728,-0.018879,-0.064139
0.006677,-0.026763,-0.0084294,0.021923,0.039103,-0.018576,-0.05223
0.0047108,-0.026511,-0.0080588,0.020969,0.027478,-0.018273,-0.040322
0.0027446,-0.026259,-0.0076881,0.020014,0.015853,-0.017971,-0.028414
0.00077836,-0.026007,-0.0073175,0.01906,0.0042286,-0.017668,-0.016506
-0.0011879,-0.025755,-0.0069469,0.018106,-0.0073963,-0.017366,-0.0045978
-0.0031541,-0.025503,-0.0065763,0.017151,-0.019021,-0.017063,0.0073104
-0.0051203,-0.025251,-0.0062056,0.016197,-0.030646,-0.016761,0.019219
-0.0070865,-0.024999,-0.005835,0.015243,-0.042271,-0.016458,0.031127
-0.0090528,-0.024747,-0.0054644,0.014288,-0.053896,-0.016155,0.043035
-0.011019,-0.024495,-0.0050937,0.013334,-0.065521,-0.015853,0.054943
-0.012985,-0.024243,-0.0047231,0.01238,-0.077146,-0.01555,0.066851
-0.014951,-0.023991,-0.0043525,0.011425,-0.08877,-0.015248,0.078759
-0.016918,-0.023738,-0.0039818,0.010471,-0.1004,-0.014945,0.090668
-0.018884,-0.023486,-0.0036112,0.0095166,-0.11202,-0.014642,0.10258
-0.02085,-0.023234,-0.0032406,0.0085622,-0.12365,-0.01434,0.11448
-0.022816,-0.022982,-0.0028699,0.0076079,-0.13527,-0.014037,0.12639
-0.024783,-0.02273,-0.0024993,0.0066535,-0.14689,-0.013735,0.1383
-0.026749,-0.022478,-0.0021287,0.0056992,-0.15852,-0.013432,0.15021
-0.028715,-0.022226,-0.001758,0.0047449,-0.17014,-0.01313,0.16212
-0.030681,-0.021974,-0.0013874,0.0037905,-0.18177,-0.012827,0.17402
-0.032647,-0.021722,-0.0010168,0.0028362,-0.19339,-0.012524,0.18593
-0.034614,-0.02147,-0.00064616,0.0018818,-0.20502,-0.012222,0.19784
-0.03658,-0.021218,-0.00027552,0.00092748,-0.21664,-0.011919,0.20975
-0.038546,-0.020966,9.5107e-05,-2.6869e-05,-0.22827,-0.011617,0.22166
-0.040512,-0.020714,0.00046574,-0.00098121,-0.23989,-0.011314,0.23357
-0.042479,-0.020462,0.00083637,-0.0019356,-0.25152,-0.011012,0.24547
-0.044445,-0.02021,0.001207,-0.0028899,-0.26314,-0.010709,0.25738
-0.043954,-0.020941,0.0019659,-0.0016597,-0.25359,-0.011408,0.24888
-0.043462,-0.021673,0.0027249,-0.00042952,-0.24403,-0.012107,0.24038
-0.042971,-0.022404,0.0034838,0.00080067,-0.23447,-0.012807,0.23188
-0.04248,-0.023136,0.0042428,0.0020309,-0.22491,-0.013506,0.22337
-0.041989,-0.023867,0.0050017,0.003261,-0.21535,-0.014205,0.21487
-0.041497,-0.024599,0.0057606,0.0044912,-0.20579,-0.014904,0.20637
-0.041006,-0.02533,0.0065196,0.0057214,-0.19624,-0.015604,0.19787
-0.040515,-0.026062,0.0072785,0.0069516,-0.18668,-0.016303,0.18937
-0.040024,-0.026793,0.0080374,0.0081818,-0.17712,-0.017002,0.18086
-0.039532,-0.027525,0.0087964,0.009412,-0.16756,-0.017701,0.17236
-0.039041,-0.028256,0.0095553,0.010642,-0.158,-0.018401,0.16386
-0.03855,-0.028988,0.010314,0.011872,-0.14845,-0.0191,0.15536
-0.038059,-0.029719,0.011073,0.013103,-0.13889,-0.019799,0.14686
-0.037567,-0.030451,0.011832,0.014333,-0.12933,-0.020498,0.13836
-0.037076,-0.031182,0.012591,0.015563,-0.11977,-0.021198,0.12985
-0.036585,-0.031914,0.01335,0.016793,-0.11021,-0.021897,0.12135
-0.036094,-0.032645,0.014109,0.018023,-0.10066,-0.022596,0.11285
-0.035603,-0.033377,0.014868,0.019254,-0.091098,-0.023295,0.10435
-0.035111,-0.034108,0.015627,0.020484,-0.08154,-0.023995,0.095846
-0.03462,-0.03484,0.016386,0.021714,-0.071981,-0.024694,0.087344
-0.034129,-0.035571,0.017145,0.022944,-0.062423,-0.025393,0.078842
-0.033638,-0.036303,0.017904,0.024174,-0.052865,-0.026092,0.070341
-0.033146,-0.037034,0.018663,0.025404,-0.043307,-0.026791,0.061839
-0.032655,-0.037766,0.019422,0.026635,-0.033749,-0.027491,0.053337
-0.032164,-0.038497,0.02018,0.027865,-0.024191,-0.02819,0.044835
-0.031673,-0.039229,0.020939,0.029095,-0.014633,-0.028889,0.036333
-0.031181,-0.039961,0.021698,0.030325,-0.0050747,-0.029588,0.027831
-0.03069,-0.040692,0.022457,0.031555,0.0044834,-0.030288,0.019329
-0.030199,-0.041424,0.023216,0.032786,0.014042,-0.030987,0.010827
-0.029708,-0.042155,0.023975,0.034016,0.0236,-0.031686,0.0023256
-0.029216,-0.042887,0.024734,0.035246,0.033158,-0.032385,-0.0061763
-0.028725,-0.043618,0.025493,0.036476,0.042716,-0.033085,-0.014678
-0.028234,-0.04435,0.026252,0.037706,0.052274,-0.033784,-0.02318
-0.027743,-0.045081,0.027011,0.038937,0.061832,-0.034483,-0.031682
-0.027251,-0.045813,0.02777,0.040167,0.07139,-0.035182,-0.040184
-0.02676,-0.046544,0.028529,0.041397,0.080948,-0.035882,-0.048686
-0.026269,-0.047276,0.029288,0.042627,0.090506,-0.036581,-0.057188
-0.025778,-0.048007,0.030047,0.043857,0.10006,-0.03728,-0.065689
-0.025286,-0.048739,0.030806,0.045088,0.10962,-0.037979,-0.074191
-0.024795,-0.04947,0.031565,0.046318,0.11918,-0.038679,-0.082693
-0.024304,-0.050202,0.032323,0.047548,0.12874,-0.039378,-0.091195
-0.023813,-0.050933,0.033082,0.048778,0.1383,-0.040077,-0.099697
-0.023322,-0.051665,0.033841,0.050008,0.14786,-0.040776,-0.1082
-0.019361,-0.04945,0.028838,0.047552,0.14056,-0.03886,-0.10467
-0.015401,-0.047236,0.023835,0.045096,0.13326,-0.036943,-0.10115
-0.011441,-0.045022,0.018832,0.042639,0.12596,-0.035027,-0.097623
-0.0074813,-0.042807,0.013828,0.040183,0.11866,-0.03311,-0.094098
-0.0035212,-0.040593,0.0088253,0.037726,0.11136,-0.031194,-0.090573
0.00043885,-0.038379,0.003822,0.03527,0.10406,-0.029277,-0.087048
0.0043989,-0.036164,-0.0011812,0.032814,0.09676,-0.027361,-0.083523
0.008359,-0.03395,-0.0061844,0.030357,0.089461,-0.025444,-0.079998
0.012319,-0.031736,-0.011188,0.027901,0.082162,-0.023528,-0.076473
0.016279,-0.029521,-0.016191,0.025444,0.074863,-0.021611,-0.072948
0.020239,-0.027307,-0.021194,0.022988,0.067563,-0.019695,-0.069423
0.024199,-0.025092,-0.026197,0.020532,0.060264,-0.017778,-0.065898
0.028159,-0.022878,-0.0312,0.018075,0.052965,-0.015862,-0.062373
0.032119,-0.020664,-0.036204,0.015619,0.045666,-0.013945,-0.058847
0.036079,-0.018449,-0.041207,0.013163,0.038367,-0.012029,-0.055322
0.040039,-0.016235,-0.04621,0.010706,0.031067,-0.010112,-0.051797
0.044,-0.014021,-0.051213,0.0082498,0.023768,-0.0081956,-0.048272
0.04796,-0.011806,-0.056217,0.0057934,0.016469,-0.0062791,-0.044747
0.05192,-0.009592,-0.06122,0.003337,0.0091696,-0.0043626,-0.041222
0.05588,-0.0073777,-0.066223,0.00088066,0.0018704,-0.0024461,-0.037697
0.05984,-0.0051633,-0.071226,-0.0015757,-0.0054289,-0.00052956,-0.034172
0.0638,-0.002949,-0.076229,-0.0040321,-0.012728,0.0013869,-0.030647
0.06776,-0.00073461,-0.081233,-0.0064885,-0.020027,0.0033034,-0.027122
0.07172,0.0014797,-0.086236,-0.0089449,-0.027327,0.00522,-0.023597
0.07568,0.0036941,-0.091239,-0.011401,-0.034626,0.0071365,-0.020071
0.07964,0.0059084,-0.096242,-0.013858,-0.041925,0.009053,-0.016546
0.0836,0.0081228,-0.10125,-0.016314,-0.049224,0.010969,-0.013021
0.08756,0.010337,-0.10625,-0.01877,-0.056523,0.012886,-0.0094962
0.09152,0.012552,-0.11125,-0.021227,-0.063823,0.014802,-0.0059711
0.09548,0.014766,-0.11626,-0.023683,-0.071122,0.016719,-0.002446
0.09944,0.01698,-0.12126,-0.02614,-0.078421,0.018636,0.0010791
0.1034,0.019195,-0.12626,-0.028596,-0.08572,0.020552,0.0046042
0.10736,0.021409,-0.13126,-0.031052,-0.09302,0.022469,0.0081293
0.11132,0.023623,-0.13627,-0.033509,-0.10032,0.024385,0.011654
0.11528,0.025838,-0.14127,-0.035965,-0.10762,0.026302,0.015179
0.11924,0.028052,-0.14627,-0.038421,-0.11492,0.028218,0.018705
0.1232,0.030266,-0.15128,-0.040878,-0.12222,0.030135,0.02223
0.12716,0.032481,-0.15628,-0.043334,-0.12952,0.032051,0.025755
0.13112,0.034695,-0.16128,-0.045791,-0.13682,0.033968,0.02928
0.13508,0.036909,-0.16629,-0.048247,-0.14411,0.035884,0.032805
0.13904,0.039124,-0.17129,-0.050703,-0.15141,0.037801,0.03633
0.143,0.041338,-0.17629,-0.05316,-0.15871,0.039717,0.039855
0.12507,0.030806,-0.15723,-0.043643,-0.15036,0.031132,0.048138
0.10715,0.020274,-0.13818,-0.034125,-0.14202,0.022547,0.056421
0.089223,0.0097423,-0.11912,-0.024608,-0.13367,0.013962,0.064704
0.071297,-0.00078959,-0.10006,-0.015091,-0.12532,0.005377,0.072987
0.05337,-0.011322,-0.080998,-0.005574,-0.11697,-0.003208,0.081271
0.035444,-0.021853,-0.061939,0.0039431,-0.10863,-0.011793,0.089554
0.017518,-0.032385,-0.04288,0.01346,-0.10028,-0.020378,0.097837
-0.00040785,-0.042917,-0.023821,0.022977,-0.09193,-0.028963,0.10612
-0.018334,-0.053449,-0.0047614,0.032495,-0.083583,-0.037548,0.1144
-0.03626,-0.063981,0.014298,0.042012,-0.075235,-0.046133,0.12269
-0.054186,-0.074513,0.033357,0.051529,-0.066887,-0.054718,0.13097
-0.072112,-0.085045,0.052416,0.061046,-0.058539,-0.063303,0.13925
-0.090038,-0.095577,0.071475,0.070563,-0.050192,-0.071888,0.14754
-0.10796,-0.10611,0.090534,0.08008,-0.041844,-0.080473,0.15582
-0.12589,-0.11664,0.10959,0.089597,-0.033496,-0.089058,0.1641
-0.14382,-0.12717,0.12865,0.099115,-0.025148,-0.097643,0.17238
-0.16174,-0.1377,0.14771,0.10863,-0.0168,-0.10623,0.18067
-0.17967,-0.14824,0.16677,0.11815,-0.0084527,-0.11481,0.18895
-0.1976,-0.15877,0.18583,0.12767,-0.00010488,-0.1234,0.19723
-0.21552,-0.1693,0.20489,0.13718,0.0082429,-0.13198,0.20552
-0.23345,-0.17983,0.22395,0.1467,0.016591,-0.14057,0.2138
-0.25137,-0.19036,0.24301,0.15622,0.024938,-0.14915,0.22208
-0.2693,-0.2009,0.26207,0.16573,0.033286,-0.15774,0.23037
-0.28723,-0.21143,0.28113,0.17525,0.041634,-0.16632,0.23865
-0.30515,-0.22196,0.30019,0.18477,0.049982,-0.17491,0.24693
-0.32308,-0.23249,0.31924,0.19429,0.05833,-0.18349,0.25522
-0.341,-0.24302,0.3383,0.2038,0.066677,-0.19208,0.2635
-0.35893,-0.25356,0.35736,0.21332,0.075025,-0.20066,0.27178
-0.37686,-0.26409,0.37642,0.22284,0.083373,-0.20925,0.28006
-0.39478,-0.27462,0.39548,0.23235,0.091721,-0.21783,0.28835
-0.41271,-0.28515,0.41454,0.24187,0.10007,-0.22642,0.29663
-0.43063,-0.29568,0.4336,0.25139,0.10842,-0.235,0.30491
-0.44856,-0.30622,0.45266,0.26091,0.11676,-0.24359,0.3132
-0.46649,-0.31675,0.47172,0.27042,0.12511,-0.25217,0.32148
-0.48441,-0.32728,0.49078,0.27994,0.13346,-0.26076,0.32976
-0.50234,-0.33781,0.50984,0.28946,0.14181,-0.26934,0.33805
-0.52027,-0.34834,0.52889,0.29897,0.15016,-0.27793,0.34633
-0.53819,-0.35887,0.54795,0.30849,0.1585,-0.28651,0.35461
-0.39573,-0.27874,0.39884,0.24203,0.12776,-0.22398,0.25981
-0.26095,-0.20283,0.2578,0.17904,0.098599,-0.16472,0.17012
-0.13386,-0.13114,0.12482,0.11954,0.071021,-0.10875,0.08556
-0.014454,-0.063674,-8.2232e-05,0.063522,0.045025,-0.056065,0.0061154
0.097271,-0.0004279,-0.11692,0.010986,0.020611,-0.0066607,-0.068209
0.20131,0.058596,-0.22568,-0.038068,-0.0022194,0.03946,-0.13741
0.29767,0.1134,-0.32637,-0.083639,-0.023468,0.082298,-0.2015
0.38634,0.16398,-0.41899,-0.12573,-0.043134,0.12185,-0.26046
0.46733,0.21034,-0.50355,-0.16434,-0.061217,0.15812,-0.31431
0.54063,0.25247,-0.58003,-0.19946,-0.077718,0.19111,-0.36304
0.60626,0.29039,-0.64844,-0.2311,-0.092636,0.22082,-0.40664
0.66419,0.32408,-0.70878,-0.25926,-0.10597,0.24724,-0.44513
0.71445,0.35355,-0.76105,-0.28394,-0.11773,0.27037,-0.47849
0.75701,0.3788,-0.80525,-0.30513,-0.1279,0.29023,-0.50674
0.7919,0.39983,-0.84138,-0.32284,-0.13648,0.3068,-0.52987
0.8191,0.41664,-0.86944,-0.33707,-0.14349,0.32009,-0.54787
0.83862,0.42922,-0.88943,-0.34782,-0.14891,0.33009,-0.56076
0.85045,0.43758,-0.90135,-0.35509,-0.15275,0.33682,-0.56853
0.8546,0.44172,-0.9052,-0.35887,-0.15501,0.34025,-0.57118
0.85107,0.44164,-0.90098,-0.35917,-0.15569,0.34041,-0.5687
0.83985,0.43734,-0.88868,-0.35599,-0.15478,0.33728,-0.56111
0.82095,0.42881,-0.86832,-0.34932,-0.15229,0.33087,-0.5484
0.79436,0.41607,-0.83989,-0.33918,-0.14822,0.32118,-0.53057
0.76009,0.3991,-0.80339,-0.32555,-0.14257,0.3082,-0.50762
0.71814,0.37791,-0.75881,-0.30843,-0.13533,0.29194,-0.47955
0.6685,0.3525,-0.70617,-0.28784,-0.12651,0.27239,-0.44635
0.61118,0.32286,-0.64545,-0.26376,-0.11611,0.24957,-0.40804
0.54617,0.28901,-0.57667,-0.2362,-0.10413,0.22346,-0.36461
0.47348,0.25093,-0.49982,-0.20516,-0.090558,0.19406,-0.31606
0.39311,0.20863,-0.41489,-0.17064,-0.075409,0.16138,-0.26239
0.30505,0.16211,-0.3219,-0.13263,-0.058678,0.12542,-0.2036
0.20931,0.11136,-0.22083,-0.091143,-0.040363,0.08618,-0.13969
0.10588,0.0564,-0.11169,-0.046172,-0.020467,0.043653,-0.070662
-0.0052263,-0.0027868,0.0055123,0.002282,0.0010124,-0.0021573,0.0034876
-0.12402,-0.066195,0.13079,0.054218,0.024074,-0.051251,0.082757
-0.2505,-0.13383,0.26414,0.10964,0.048718,-0.10363,0.16715
-0.38466,-0.20568,0.40555,0.16854,0.074945,-0.15929,0.25666
