0,0,0,0,0,0,0
0.0045107,0.0032648,-0.0030872,0.0058634,0.00054847,-0.0052743,-0.0037041
0.017249,0.01252,-0.011782,0.022513,0.002101,-0.020232,-0.014178
0.037023,0.026955,-0.025234,0.048538,0.0045184,-0.043576,-0.030464
0.062641,0.045762,-0.042593,0.082528,0.0076612,-0.074009,-0.051606
0.092912,0.06813,-0.063008,0.12307,0.01139,-0.11023,-0.076644
0.12665,0.09325,-0.08563,0.16876,0.015566,-0.15095,-0.10462
0.16265,0.12031,-0.10961,0.21818,0.02005,-0.19486,-0.13458
0.19973,0.14851,-0.13409,0.26992,0.024702,-0.24067,-0.16557
0.2367,0.17703,-0.15823,0.32258,0.029382,-0.28708,-0.19662
0.27237,0.20506,-0.18117,0.37473,0.033953,-0.3328,-0.22678
0.30554,0.2318,-0.20207,0.42497,0.038274,-0.37652,-0.25509
0.33503,0.25643,-0.22007,0.47189,0.042206,-0.41695,-0.2806
0.35964,0.27815,-0.23433,0.51409,0.04561,-0.45278,-0.30235
0.37818,0.29615,-0.24399,0.55013,0.048347,-0.48274,-0.31937
0.38945,0.30961,-0.2482,0.57863,0.050276,-0.5055,-0.33072
0.39228,0.31773,-0.24611,0.59816,0.05126,-0.51979,-0.33543
0.38546,0.31969,-0.23688,0.60732,0.051158,-0.52429,-0.33255
0.36781,0.3147,-0.21965,0.60469,0.049832,-0.51772,-0.32111
0.33814,0.30193,-0.19357,0.58886,0.047142,-0.49877,-0.30017
0.30377,0.28546,-0.16459,0.56619,0.044054,-0.47367,-0.2755
0.27225,0.2696,-0.13871,0.5436,0.041573,-0.4491,-0.25308
0.24358,0.25437,-0.11594,0.52109,0.039698,-0.42505,-0.23292
0.21776,0.23976,-0.096267,0.49865,0.03843,-0.40153,-0.21501
0.19478,0.22576,-0.0797,0.47629,0.037768,-0.37854,-0.19936
0.17466,0.21239,-0.066237,0.454,0.037712,-0.35607,-0.18596
0.15738,0.19964,-0.055878,0.43179,0.038263,-0.33413,-0.17482
0.14294,0.18751,-0.048622,0.40966,0.03942,-0.31271,-0.16594
0.13136,0.176,-0.044471,0.38761,0.041183,-0.29182,-0.15931
0.12263,0.16511,-0.043423,0.36563,0.043553,-0.27146,-0.15494
0.11674,0.15484,-0.045479,0.34373,0.04653,-0.25162,-0.15282
0.1137,0.14519,-0.050639,0.32191,0.050112,-0.23231,-0.15296
0.11351,0.13617,-0.058903,0.30016,0.054301,-0.21352,-0.15536
0.11616,0.12776,-0.070271,0.27849,0.059097,-0.19526,-0.16001
0.12167,0.11997,-0.084743,0.25689,0.064498,-0.17752,-0.16692
0.13002,0.1128,-0.10232,0.23538,0.070506,-0.16031,-0.17608
0.14122,0.10626,-0.123,0.21393,0.077121,-0.14363,-0.1875
0.15527,0.10033,-0.14678,0.19257,0.084342,-0.12747,-0.20117
0.17217,0.095025,-0.17367,0.17128,0.092169,-0.11184,-0.2171
0.18949,0.090295,-0.20054,0.15126,0.099872,-0.097353,-0.23323
0.20578,0.085829,-0.2258,0.13257,0.10715,-0.083822,-0.24839
0.22106,0.081629,-0.24945,0.11521,0.11401,-0.071243,-0.26259
0.23531,0.077692,-0.27148,0.099174,0.12044,-0.059616,-0.27583
0.24854,0.074021,-0.2919,0.084466,0.12646,-0.048942,-0.28811
0.26074,0.070614,-0.31071,0.071086,0.13205,-0.039221,-0.29942
0.27192,0.067471,-0.3279,0.059034,0.13721,-0.030452,-0.30978
0.28208,0.064593,-0.34347,0.048309,0.14196,-0.022635,-0.31917
0.29121,0.06198,-0.35744,0.038912,0.14628,-0.015771,-0.3276
0.29932,0.059631,-0.36979,0.030843,0.15018,-0.0098596,-0.33507
0.30641,0.057547,-0.38052,0.024102,0.15366,-0.0049006,-0.34158
0.31247,0.055728,-0.38965,0.018688,0.15671,-0.00089409,-0.34712
0.31751,0.054173,-0.39715,0.014603,0.15935,0.0021599,-0.35171
0.32153,0.052882,-0.40305,0.011845,0.16156,0.0042613,-0.35533
0.32452,0.051857,-0.40733,0.010415,0.16334,0.0054103,-0.35799
0.32649,0.051095,-0.40999,0.010312,0.16471,0.0056067,-0.35969
0.32744,0.050599,-0.41105,0.011538,0.16565,0.0048507,-0.36043
0.32736,0.050367,-0.41049,0.014091,0.16617,0.0031421,-0.36021
0.32626,0.050399,-0.40831,0.017972,0.16627,0.00048104,-0.35902
0.32414,0.050697,-0.40452,0.023181,0.16594,-0.0031325,-0.35687
0.32099,0.051258,-0.39912,0.029717,0.16519,-0.0076986,-0.35377
0.31682,0.052085,-0.3921,0.037582,0.16402,-0.013217,-0.3497
0.31228,0.05298,-0.38454,0.045783,0.16274,-0.018982,-0.34534
0.3079,0.053771,-0.37734,0.05352,0.16162,-0.024417,-0.34126
0.3037,0.054456,-0.3705,0.06079,0.16066,-0.029523,-0.33747
0.29966,0.055036,-0.36401,0.067595,0.15987,-0.0343,-0.33396
0.2958,0.055511,-0.35788,0.073934,0.15924,-0.038749,-0.33074
0.29211,0.055881,-0.3521,0.079808,0.15878,-0.042867,-0.3278
0.28858,0.056146,-0.34669,0.085216,0.15848,-0.046657,-0.32514
0.28523,0.056305,-0.34163,0.090158,0.15835,-0.050118,-0.32277
0.28205,0.05636,-0.33693,0.094635,0.15838,-0.05325,-0.32068
0.27903,0.056309,-0.33258,0.098647,0.15858,-0.056052,-0.31887
0.27619,0.056153,-0.3286,0.10219,0.15894,-0.058526,-0.31734
0.27352,0.055892,-0.32496,0.10527,0.15946,-0.06067,-0.3161
0.27102,0.055526,-0.32169,0.10789,0.16015,-0.062485,-0.31515
0.26869,0.055055,-0.31878,0.11004,0.161,-0.063972,-0.31447
0.26653,0.054479,-0.31622,0.11172,0.16202,-0.065129,-0.31409
0.26453,0.053797,-0.31402,0.11294,0.1632,-0.065957,-0.31398
0.26271,0.053011,-0.31217,0.11369,0.16455,-0.066456,-0.31416
0.26106,0.052119,-0.31068,0.11397,0.16606,-0.066625,-0.31462
0.25958,0.051122,-0.30955,0.1138,0.16773,-0.066466,-0.31536
0.25827,0.05002,-0.30878,0.11315,0.16957,-0.065978,-0.31639
0.25713,0.048813,-0.30837,0.11204,0.17158,-0.06516,-0.3177
0.25616,0.047501,-0.30831,0.11046,0.17374,-0.064014,-0.3193
0.25537,0.046083,-0.30861,0.10842,0.17608,-0.062538,-0.32117
0.25467,0.044726,-0.30907,0.10645,0.17846,-0.061087,-0.32314
0.25401,0.043624,-0.30949,0.10513,0.18072,-0.060049,-0.32494
0.25341,0.042779,-0.30987,0.10446,0.18286,-0.059425,-0.32659
0.25284,0.042189,-0.3102,0.10445,0.18488,-0.059215,-0.32807
0.25233,0.041855,-0.3105,0.10509,0.18678,-0.059418,-0.3294
0.25186,0.041778,-0.31075,0.10638,0.18855,-0.060035,-0.33057
0.25143,0.041956,-0.31096,0.10832,0.19021,-0.061065,-0.33158
0.25105,0.042391,-0.31113,0.11092,0.19175,-0.062509,-0.33243
0.25072,0.043081,-0.31126,0.11417,0.19317,-0.064366,-0.33312
0.25043,0.044028,-0.31134,0.11807,0.19446,-0.066637,-0.33366
0.25018,0.045231,-0.31139,0.12262,0.19564,-0.069321,-0.33403
0.24999,0.046689,-0.31139,0.12783,0.1967,-0.072419,-0.33425
0.24983,0.048404,-0.31135,0.13369,0.19763,-0.07593,-0.3343
0.24973,0.050375,-0.31127,0.1402,0.19845,-0.079855,-0.3342
0.24967,0.052601,-0.31115,0.14736,0.19914,-0.084193,-0.33394
0.24965,0.055084,-0.31098,0.15518,0.19972,-0.088945,-0.33352
0.24968,0.057823,-0.31078,0.16365,0.20017,-0.094111,-0.33295
0.24975,0.060818,-0.31053,0.17277,0.20051,-0.09969,-0.33221
0.24988,0.064069,-0.31024,0.18255,0.20072,-0.10568,-0.33132
0.25004,0.067575,-0.30991,0.19298,0.20081,-0.11209,-0.33026
0.25025,0.071338,-0.30954,0.20406,0.20078,-0.11891,-0.32905
0.25051,0.075357,-0.30912,0.21579,0.20064,-0.12614,-0.32768
0.25081,0.079632,-0.30866,0.22818,0.20037,-0.13379,-0.32615
0.25104,0.0837,-0.30817,0.24001,0.20003,-0.1411,-0.32454
0.25107,0.086978,-0.30764,0.24975,0.19969,-0.14712,-0.32299
0.25089,0.089466,-0.30709,0.25739,0.19934,-0.15184,-0.32148
0.25051,0.091163,-0.30651,0.26293,0.19898,-0.15527,-0.32002
0.24992,0.092071,-0.3059,0.26637,0.19862,-0.15741,-0.31862
0.24913,0.092189,-0.30526,0.26771,0.19825,-0.15825,-0.31726
0.24814,0.091516,-0.3046,0.26695,0.19787,-0.1578,-0.31596
0.24694,0.090053,-0.30391,0.26409,0.19749,-0.15605,-0.3147
0.24554,0.087801,-0.30319,0.25914,0.1971,-0.15301,-0.3135
0.24394,0.084758,-0.30245,0.25208,0.1967,-0.14867,-0.31234
0.24213,0.080925,-0.30167,0.24293,0.19629,-0.14304,-0.31124
0.24012,0.076302,-0.30087,0.23167,0.19588,-0.13612,-0.31018
0.2379,0.070889,-0.30004,0.21832,0.19547,-0.1279,-0.30918
0.23548,0.064686,-0.29919,0.20287,0.19504,-0.11838,-0.30822
0.23286,0.057693,-0.2983,0.18532,0.19461,-0.10757,-0.30732
0.23004,0.04991,-0.29739,0.16567,0.19417,-0.09547,-0.30646
0.22701,0.041337,-0.29645,0.14392,0.19373,-0.082072,-0.30566
0.22377,0.031973,-0.29549,0.12007,0.19328,-0.06738,-0.3049
0.22034,0.02182,-0.29449,0.094124,0.19282,-0.051394,-0.3042
0.2167,0.010876,-0.29347,0.066078,0.19235,-0.034113,-0.30355
0.21285,-0.00085726,-0.29242,0.035933,0.19188,-0.015538,-0.30294
0.20881,-0.013381,-0.29134,0.0036884,0.1914,0.0043312,-0.30239
0.20456,-0.026695,-0.29024,-0.030655,0.19092,0.025495,-0.30188
0.20049,-0.039652,-0.28922,-0.064059,0.19047,0.046079,-0.3015
0.1968,-0.051768,-0.28835,-0.095197,0.19008,0.065263,-0.30129
0.19348,-0.063044,-0.28763,-0.12407,0.18975,0.083048,-0.30126
0.19053,-0.073479,-0.28705,-0.15067,0.18948,0.099433,-0.30139
0.18794,-0.083073,-0.28662,-0.17501,0.18927,0.11442,-0.3017
0.18573,-0.091827,-0.28633,-0.19708,0.18911,0.128,-0.30217
0.18388,-0.09974,-0.2862,-0.21689,0.18902,0.14019,-0.30282
0.18241,-0.10681,-0.2862,-0.23442,0.18898,0.15097,-0.30364
0.1813,-0.11304,-0.28636,-0.2497,0.189,0.16036,-0.30464
0.18057,-0.11843,-0.28666,-0.2627,0.18908,0.16835,-0.3058
0.1802,-0.12299,-0.28711,-0.27344,0.18922,0.17493,-0.30714
0.1802,-0.12669,-0.28771,-0.28191,0.18942,0.18012,-0.30864
0.18058,-0.12956,-0.28845,-0.28812,0.18967,0.18391,-0.31032
0.18132,-0.13159,-0.28934,-0.29206,0.18999,0.18629,-0.31218
0.18243,-0.13278,-0.29038,-0.29373,0.19036,0.18728,-0.3142
0.18391,-0.13313,-0.29156,-0.29313,0.19079,0.18687,-0.31639
0.18576,-0.13263,-0.29289,-0.29027,0.19129,0.18506,-0.31876
0.18798,-0.1313,-0.29437,-0.28515,0.19183,0.18184,-0.3213
0.19057,-0.12912,-0.29599,-0.27775,0.19244,0.17723,-0.32401
0.19353,-0.12611,-0.29776,-0.26809,0.19311,0.17122,-0.32689
0.19686,-0.12225,-0.29968,-0.25616,0.19384,0.16381,-0.32994
0.2004,-0.11794,-0.30163,-0.243,0.19446,0.15563,-0.33297
0.20372,-0.11388,-0.30338,-0.23056,0.19479,0.14791,-0.33554
0.20683,-0.11007,-0.30491,-0.21886,0.19481,0.14065,-0.33765
0.20972,-0.10651,-0.30623,-0.20789,0.19452,0.13384,-0.33931
0.2124,-0.1032,-0.30734,-0.19766,0.19392,0.12749,-0.34051
0.21487,-0.10014,-0.30824,-0.18815,0.19302,0.1216,-0.34126
0.21712,-0.097323,-0.30893,-0.17938,0.19182,0.11616,-0.34155
0.21916,-0.094758,-0.3094,-0.17135,0.19031,0.11118,-0.34138
0.22098,-0.092441,-0.30967,-0.16404,0.18849,0.10666,-0.34076
0.22259,-0.090373,-0.30972,-0.15747,0.18637,0.10259,-0.33969
0.22399,-0.088554,-0.30956,-0.15163,0.18394,0.098978,-0.33816
0.22517,-0.086984,-0.30919,-0.14653,0.1812,0.095824,-0.33617
0.22614,-0.085662,-0.30861,-0.14215,0.17816,0.093127,-0.33372
0.22689,-0.08459,-0.30782,-0.13852,0.17482,0.090886,-0.33082
0.22743,-0.083766,-0.30682,-0.13561,0.17116,0.089101,-0.32747
0.22776,-0.083191,-0.3056,-0.13344,0.16721,0.087774,-0.32366
0.22787,-0.082865,-0.30417,-0.132,0.16294,0.086902,-0.31939
0.22777,-0.082788,-0.30253,-0.13129,0.15837,0.086488,-0.31467
0.22746,-0.08296,-0.30068,-0.13131,0.1535,0.08653,-0.30949
0.22693,-0.08338,-0.29862,-0.13207,0.14832,0.087029,-0.30386
0.22668,-0.084026,-0.297,-0.13299,0.14332,0.087617,-0.29865
0.22715,-0.0849,-0.29634,-0.13355,0.13871,0.087965,-0.29445
0.22836,-0.086002,-0.29666,-0.13375,0.13451,0.088073,-0.29126
0.23031,-0.087334,-0.29796,-0.13359,0.13071,0.087941,-0.28909
0.23298,-0.088894,-0.30023,-0.13308,0.12731,0.087568,-0.28792
0.23638,-0.090682,-0.30347,-0.13221,0.1243,0.086955,-0.28776
0.24052,-0.092699,-0.30769,-0.13097,0.1217,0.086101,-0.28861
0.24539,-0.094945,-0.31288,-0.12938,0.1195,0.085007,-0.29048
0.25099,-0.097419,-0.31904,-0.12744,0.11769,0.083673,-0.29335
0.25732,-0.10012,-0.32618,-0.12513,0.11629,0.082098,-0.29724
0.26438,-0.10305,-0.33429,-0.12247,0.11528,0.080283,-0.30213
0.27218,-0.10621,-0.34338,-0.11945,0.11467,0.078227,-0.30804
0.28071,-0.1096,-0.35344,-0.11607,0.11447,0.075931,-0.31496
0.28997,-0.11322,-0.36447,-0.11233,0.11466,0.073395,-0.32288
0.29996,-0.11706,-0.37648,-0.10823,0.11525,0.070619,-0.33182
0.31068,-0.12114,-0.38946,-0.10378,0.11624,0.067602,-0.34177
0.32213,-0.12544,-0.40341,-0.098966,0.11764,0.064344,-0.35273
0.33432,-0.12997,-0.41834,-0.093795,0.11943,0.060847,-0.3647
0.34724,-0.13473,-0.43424,-0.088267,0.12162,0.057109,-0.37768
0.36088,-0.13972,-0.45112,-0.08238,0.12421,0.05313,-0.39167
0.37318,-0.14429,-0.46636,-0.076682,0.12655,0.049291,-0.40444
0.38193,-0.14774,-0.47722,-0.071767,0.12797,0.046002,-0.41366
0.38713,-0.15007,-0.48369,-0.067636,0.12848,0.043265,-0.41932
0.38879,-0.15129,-0.48579,-0.064289,0.12808,0.041079,-0.42143
0.3869,-0.15139,-0.4835,-0.061725,0.12675,0.039444,-0.41998
0.38146,-0.15038,-0.47683,-0.059945,0.12451,0.03836,-0.41497
0.37247,-0.14825,-0.46578,-0.058948,0.12135,0.037827,-0.40641
0.35994,-0.14501,-0.45035,-0.058735,0.11728,0.037845,-0.39429
0.34386,-0.14065,-0.43053,-0.059305,0.11229,0.038414,-0.37862
0.32423,-0.13517,-0.40634,-0.060659,0.10638,0.039534,-0.35939
0.30105,-0.12858,-0.37776,-0.062797,0.099557,0.041205,-0.3366
0.27433,-0.12088,-0.3448,-0.065718,0.091817,0.043427,-0.31026
0.24406,-0.11205,-0.30745,-0.069423,0.08316,0.0462,-0.28036
0.21024,-0.10212,-0.26573,-0.073911,0.073586,0.049524,-0.24691
0.17288,-0.091064,-0.21962,-0.079182,0.063095,0.053399,-0.2099
0.13197,-0.078896,-0.16913,-0.085238,0.051688,0.057826,-0.16933
0.087508,-0.065612,-0.11426,-0.092076,0.039364,0.062803,-0.12521
0.039502,-0.051213,-0.055006,-0.099699,0.026123,0.068332,-0.07753
-0.012052,-0.035698,0.0086288,-0.1081,0.011966,0.074411,-0.026295
-0.062794,-0.02042,0.07126,-0.11639,-0.0019719,0.080402,0.024174
-0.11007,-0.0062177,0.12961,-0.12393,-0.015022,0.085867,0.071248
-0.15388,0.0069089,0.18367,-0.13074,-0.027184,0.090808,0.11493
-0.19422,0.01896,0.23344,-0.1368,-0.038459,0.095223,0.15521
-0.23109,0.029935,0.27893,-0.14211,-0.048845,0.099113,0.19211
-0.2645,0.039834,0.32014,-0.14669,-0.058344,0.10248,0.2256
-0.29444,0.048658,0.35706,-0.15052,-0.066954,0.10532,0.25571
-0.32091,0.056406,0.38969,-0.15361,-0.074677,0.10763,0.28242
-0.34392,0.063078,0.41804,-0.15596,-0.081512,0.10942,0.30573
-0.36346,0.068675,0.44211,-0.15757,-0.087459,0.11069,0.32565
-0.37953,0.073196,0.46188,-0.15843,-0.092519,0.11143,0.34218
-0.39214,0.076641,0.47738,-0.15855,-0.09669,0.11164,0.35531
-0.40128,0.07901,0.48858,-0.15793,-0.099973,0.11133,0.36504
-0.40695,0.080304,0.49551,-0.15657,-0.10237,0.11049,0.37139
-0.40915,0.080522,0.49814,-0.15447,-0.10388,0.10913,0.37434
-0.40789,0.079664,0.4965,-0.15162,-0.1045,0.10724,0.37389
-0.40316,0.077731,0.49056,-0.14803,-0.10423,0.10483,0.37005
-0.39497,0.074721,0.48034,-0.1437,-0.10307,0.10189,0.36282
-0.3833,0.070636,0.46584,-0.13863,-0.10103,0.098433,0.35219
-0.37034,0.066139,0.44972,-0.13329,-0.098611,0.094776,0.34024
-0.35827,0.061897,0.43469,-0.12815,-0.096338,0.091261,0.32906
-0.34708,0.05791,0.42073,-0.12323,-0.09421,0.087885,0.31864
-0.33677,0.054178,0.40785,-0.11851,-0.092225,0.08465,0.30898
-0.32734,0.050702,0.39604,-0.114,-0.090384,0.081556,0.3001
-0.3188,0.04748,0.38532,-0.1097,-0.088687,0.078602,0.29197
-0.31114,0.044514,0.37567,-0.10561,-0.087134,0.075788,0.28461
-0.30437,0.041803,0.3671,-0.10172,-0.085725,0.073115,0.27802
-0.29848,0.039347,0.35961,-0.098049,-0.08446,0.070582,0.27219
-0.29347,0.037146,0.3532,-0.094582,-0.083339,0.068189,0.26713
-0.28935,0.035201,0.34787,-0.091324,-0.082362,0.065937,0.26283
-0.28611,0.03351,0.34361,-0.088274,-0.081529,0.063826,0.2593
-0.28375,0.032075,0.34044,-0.085432,-0.08084,0.061854,0.25653
-0.28228,0.030895,0.33834,-0.082799,-0.080295,0.060024,0.25453
-0.28169,0.02997,0.33732,-0.080375,-0.079894,0.058333,0.25329
-0.28199,0.0293,0.33737,-0.078158,-0.079637,0.056783,0.25282
-0.28317,0.028886,0.33851,-0.076151,-0.079524,0.055374,0.25311
-0.28523,0.028726,0.34072,-0.074351,-0.079554,0.054105,0.25417
-0.28818,0.028822,0.34401,-0.07276,-0.079729,0.052976,0.25599
-0.29201,0.029173,0.34838,-0.071378,-0.080048,0.051988,0.25858
-0.29617,0.029615,0.35316,-0.070078,-0.080458,0.051054,0.26149
-0.30006,0.02998,0.35763,-0.068743,-0.080901,0.050094,0.26427
-0.30369,0.030268,0.36179,-0.067374,-0.081377,0.049108,0.2669
-0.30705,0.03048,0.36564,-0.065971,-0.081888,0.048097,0.26939
-0.31016,0.030615,0.36919,-0.064534,-0.082433,0.04706,0.27175
-0.313,0.030674,0.37244,-0.063063,-0.083011,0.045997,0.27396
-0.31557,0.030655,0.37538,-0.061557,-0.083623,0.044909,0.27604
-0.31788,0.03056,0.37801,-0.060016,-0.084269,0.043795,0.27797
-0.31993,0.030389,0.38034,-0.058442,-0.084949,0.042655,0.27977
-0.32172,0.030141,0.38236,-0.056833,-0.085663,0.041489,0.28142
-0.32324,0.029816,0.38407,-0.05519,-0.08641,0.040298,0.28294
-0.3245,0.029414,0.38548,-0.053513,-0.087192,0.039081,0.28432
-0.32549,0.028936,0.38658,-0.051801,-0.088007,0.037838,0.28556
-0.32623,0.028381,0.38738,-0.050055,-0.088856,0.03657,0.28666
-0.32669,0.027749,0.38787,-0.048275,-0.089738,0.035276,0.28762
-0.3269,0.027041,0.38805,-0.04646,-0.090655,0.033956,0.28844
-0.32684,0.026256,0.38793,-0.044611,-0.091606,0.032611,0.28912
-0.32652,0.025394,0.38751,-0.042728,-0.09259,0.031239,0.28966
-0.32593,0.024456,0.38677,-0.040811,-0.093608,0.029842,0.29006
-0.32509,0.023441,0.38573,-0.038859,-0.09466,0.02842,0.29032
-0.32397,0.022349,0.38439,-0.036873,-0.095746,0.026971,0.29044
-0.32273,0.021191,0.38289,-0.034817,-0.096835,0.025471,0.29048
-0.32157,0.020055,0.38149,-0.032792,-0.097822,0.023991,0.29048
-0.32049,0.018941,0.38018,-0.030798,-0.098707,0.022533,0.29044
-0.3195,0.017847,0.37897,-0.028834,-0.09949,0.021095,0.29036
-0.31859,0.016775,0.37786,-0.0269,-0.10017,0.019677,0.29024
-0.31777,0.015725,0.37684,-0.024998,-0.10075,0.018281,0.29008
-0.31703,0.014696,0.37592,-0.023125,-0.10123,0.016905,0.28988
-0.31637,0.013689,0.3751,-0.021284,-0.1016,0.01555,0.28965
-0.31579,0.012702,0.37437,-0.019473,-0.10188,0.014215,0.28937
-0.3153,0.011738,0.37374,-0.017692,-0.10205,0.012902,0.28906
-0.3149,0.010794,0.37321,-0.015942,-0.10212,0.011609,0.28871
-0.31457,0.0098726,0.37277,-0.014223,-0.10208,0.010337,0.28832
-0.31433,0.0089721,0.37243,-0.012534,-0.10195,0.0090851,0.28789
-0.31418,0.0080931,0.37219,-0.010876,-0.10171,0.0078544,0.28742
-0.31411,0.0072356,0.37204,-0.0092483,-0.10138,0.0066444,0.28691
-0.31412,0.0063994,0.37199,-0.0076512,-0.10094,0.0054552,0.28637
-0.31421,0.0055847,0.37204,-0.0060848,-0.10039,0.0042867,0.28578
-0.31439,0.0047915,0.37218,-0.0045489,-0.099749,0.003139,0.28516
-0.31466,0.0040196,0.37243,-0.0030435,-0.099003,0.002012,0.2845
-0.315,0.0032692,0.37276,-0.0015687,-0.098155,0.00090573,0.2838
-0.31543,0.0025402,0.3732,-0.00012455,-0.097205,-0.0001798,0.28306
-0.3159,0.0018176,0.37369,0.001331,-0.096238,-0.0012736,0.28234
-0.31638,0.0010869,0.3742,0.0028389,-0.095341,-0.0024038,0.2817
-0.31685,0.00034812,0.37473,0.0043992,-0.094513,-0.0035704,0.28115
-0.31732,-0.00039876,0.37527,0.0060117,-0.093754,-0.0047735,0.28068
-0.31779,-0.0011537,0.37584,0.0076766,-0.093065,-0.0060131,0.28029
-0.31826,-0.0019168,0.37642,0.0093938,-0.092445,-0.0072891,0.27998
-0.31873,-0.002688,0.37702,0.011163,-0.091895,-0.0086015,0.27975
-0.3192,-0.0034673,0.37763,0.012985,-0.091414,-0.0099503,0.2796
-0.31967,-0.0042547,0.37827,0.014859,-0.091002,-0.011336,0.27954
-0.32014,-0.0050502,0.37892,0.016786,-0.09066,-0.012757,0.27956
-0.32061,-0.0058537,0.37959,0.018765,-0.090387,-0.014216,0.27966
-0.32108,-0.0066654,0.38028,0.020796,-0.090183,-0.01571,0.27984
-0.32154,-0.0074852,0.38099,0.022879,-0.090049,-0.017241,0.2801
-0.32201,-0.0083131,0.38172,0.025015,-0.089984,-0.018809,0.28044
-0.32248,-0.0091491,0.38246,0.027203,-0.089989,-0.020413,0.28087
-0.32295,-0.0099931,0.38322,0.029443,-0.090062,-0.022053,0.28138
-0.32341,-0.010845,0.384,0.031736,-0.090206,-0.02373,0.28197
-0.32388,-0.011706,0.3848,0.034081,-0.090418,-0.025443,0.28264
-0.32435,-0.012574,0.38561,0.036479,-0.0907,-0.027193,0.28339
-0.32481,-0.01345,0.38644,0.038928,-0.091052,-0.028979,0.28423
-0.32528,-0.014335,0.38729,0.04143,-0.091473,-0.030802,0.28514
-0.32563,-0.015184,0.38801,0.043808,-0.091872,-0.032534,0.28597
-0.32579,-0.016009,0.38847,0.046042,-0.092188,-0.034163,0.2866
-0.32575,-0.01681,0.3887,0.048131,-0.092421,-0.03569,0.28704
-0.32551,-0.017586,0.38868,0.050077,-0.092571,-0.037114,0.28728
-0.32507,-0.018339,0.38841,0.051878,-0.092637,-0.038434,0.28733
-0.32444,-0.019067,0.38791,0.053536,-0.09262,-0.039652,0.28717
-0.32362,-0.019772,0.38716,0.055049,-0.09252,-0.040767,0.28683
-0.32259,-0.020452,0.38616,0.056418,-0.092336,-0.04178,0.28628
-0.32137,-0.021108,0.38493,0.057643,-0.092069,-0.042689,0.28554
-0.31996,-0.02174,0.38344,0.058725,-0.091719,-0.043495,0.2846
-0.31834,-0.022348,0.38172,0.059662,-0.091285,-0.044199,0.28347
-0.31653,-0.022932,0.37975,0.060455,-0.090768,-0.0448,0.28214
-0.31452,-0.023491,0.37754,0.061104,-0.090168,-0.045298,0.28062
-0.31232,-0.024027,0.37508,0.061609,-0.089484,-0.045693,0.27889
-0.30992,-0.024538,0.37238,0.06197,-0.088717,-0.045985,0.27697
-0.30732,-0.025026,0.36944,0.062186,-0.087866,-0.046174,0.27486
-0.30453,-0.025489,0.36625,0.062259,-0.086933,-0.046261,0.27255
-0.30154,-0.025928,0.36282,0.062188,-0.085915,-0.046244,0.27004
-0.29835,-0.026343,0.35915,0.061972,-0.084815,-0.046125,0.26734
-0.29497,-0.026734,0.35523,0.061613,-0.083631,-0.045903,0.26444
-0.29139,-0.027101,0.35107,0.06111,-0.082364,-0.045578,0.26134
-0.28812,-0.02748,0.3473,0.06086,-0.081154,-0.045428,0.25849
-0.28567,-0.027907,0.34455,0.061262,-0.080137,-0.04573,0.2563
-0.28404,-0.028384,0.34281,0.062314,-0.079314,-0.046484,0.25478
-0.28321,-0.028909,0.34209,0.064017,-0.078684,-0.04769,0.25393
-0.28321,-0.029484,0.34238,0.06637,-0.078247,-0.049348,0.25375
-0.28402,-0.030107,0.34369,0.069374,-0.078003,-0.051459,0.25424
-0.28564,-0.030779,0.34601,0.073029,-0.077952,-0.054021,0.2554
-0.28808,-0.0315,0.34935,0.077334,-0.078095,-0.057035,0.25722
-0.29133,-0.03227,0.3537,0.08229,-0.078431,-0.060501,0.25971
-0.29539,-0.033089,0.35907,0.087897,-0.07896,-0.064419,0.26287
-0.30027,-0.033957,0.36546,0.094154,-0.079682,-0.068789,0.2667
-0.30597,-0.034874,0.37285,0.10106,-0.080598,-0.073611,0.2712
-0.31248,-0.03584,0.38127,0.10862,-0.081707,-0.078886,0.27636
-0.31981,-0.036855,0.3907,0.11683,-0.083009,-0.084612,0.2822
-0.32794,-0.037918,0.40114,0.12569,-0.084504,-0.09079,0.2887
-0.3369,-0.039031,0.4126,0.1352,-0.086193,-0.09742,0.29587
-0.34667,-0.040192,0.42507,0.14536,-0.088075,-0.1045,0.30371
-0.35725,-0.041403,0.43856,0.15617,-0.09015,-0.11204,0.31222
-0.36865,-0.042662,0.45307,0.16764,-0.092418,-0.12002,0.32139
-0.38086,-0.04397,0.46859,0.17975,-0.094879,-0.12846,0.33124
-0.39185,-0.045172,0.48258,0.19095,-0.097055,-0.13626,0.34005
-0.39951,-0.046102,0.49241,0.19962,-0.09845,-0.14226,0.34609
-0.40383,-0.046762,0.49807,0.20575,-0.099065,-0.14648,0.34935
-0.40482,-0.047151,0.49958,0.20935,-0.0989,-0.14892,0.34983
-0.40248,-0.047269,0.49692,0.2104,-0.097956,-0.14956,0.34752
-0.39681,-0.047117,0.49011,0.20892,-0.096231,-0.14842,0.34244
-0.3878,-0.046694,0.47913,0.20491,-0.093725,-0.14549,0.33458
-0.37546,-0.046001,0.46399,0.19835,-0.09044,-0.14077,0.32394
-0.35979,-0.045037,0.44468,0.18926,-0.086375,-0.13427,0.31051
-0.34079,-0.043802,0.42122,0.17763,-0.08153,-0.12597,0.29431
-0.31845,-0.042296,0.39359,0.16346,-0.075905,-0.1159,0.27533
-0.29278,-0.04052,0.3618,0.14676,-0.069499,-0.10403,0.25357
-0.26378,-0.038473,0.32585,0.12752,-0.062314,-0.090374,0.22902
-0.23144,-0.036155,0.28574,0.10574,-0.054348,-0.074932,0.2017
-0.19577,-0.033567,0.24146,0.081424,-0.045603,-0.057703,0.1716
-0.15677,-0.030708,0.19303,0.054572,-0.036077,-0.038686,0.13872
-0.11444,-0.027578,0.14043,0.025182,-0.025772,-0.017882,0.10306
-0.068773,-0.024178,0.08367,-0.0067443,-0.014686,0.0047096,0.064614
-0.019775,-0.020507,0.022748,-0.041208,-0.00282,0.029089,0.023392
0.029173,-0.016815,-0.038115,-0.075632,0.0089891,0.053447,-0.017769
0.074987,-0.013329,-0.095068,-0.10765,0.019977,0.076125,-0.056278
0.11767,-0.010048,-0.14811,-0.13726,0.030143,0.097122,-0.092135
0.15721,-0.0069738,-0.19725,-0.16447,0.039488,0.11644,-0.12534
0.19362,-0.0041053,-0.24247,-0.18926,0.048012,0.13408,-0.1559
0.22689,-0.0014428,-0.28379,-0.21166,0.055714,0.15003,-0.1838
0.25704,0.0010138,-0.3212,-0.23164,0.062596,0.16431,-0.20905
0.28404,0.0032646,-0.35469,-0.24922,0.068655,0.1769,-0.23165
0.30791,0.0053093,-0.38428,-0.26439,0.073894,0.18782,-0.2516
0.32865,0.0071482,-0.40996,-0.27716,0.078311,0.19706,-0.26889
0.34625,0.0087811,-0.43173,-0.28752,0.081907,0.20461,-0.28354
0.36072,0.010208,-0.44959,-0.29547,0.084681,0.21049,-0.29553
0.37205,0.011429,-0.46355,-0.30102,0.086635,0.21468,-0.30488
0.38025,0.012444,-0.47359,-0.30416,0.087766,0.21719,-0.31157
0.38531,0.013254,-0.47972,-0.30489,0.088077,0.21803,-0.3156
0.38724,0.013857,-0.48195,-0.30322,0.087566,0.21718,-0.31699
0.38603,0.014254,-0.48026,-0.29914,0.086234,0.21465,-0.31573
0.38169,0.014446,-0.47467,-0.29265,0.084081,0.21045,-0.31181
0.37422,0.014431,-0.46516,-0.28376,0.081106,0.20456,-0.30525
0.36361,0.014211,-0.45175,-0.27246,0.07731,0.19699,-0.29603
0.3516,0.01389,-0.43658,-0.26003,0.073172,0.18863,-0.28564
0.34042,0.013587,-0.42244,-0.24825,0.069347,0.18071,-0.27602
0.33007,0.013303,-0.40933,-0.23712,0.065834,0.17324,-0.26716
0.32056,0.013036,-0.39724,-0.22664,0.062634,0.16622,-0.25906
0.31188,0.012788,-0.38619,-0.21682,0.059746,0.15963,-0.25171
0.30404,0.012558,-0.37616,-0.20765,0.057171,0.15349,-0.24513
0.29703,0.012346,-0.36716,-0.19914,0.054909,0.1478,-0.23931
0.29085,0.012152,-0.35919,-0.19127,0.052959,0.14255,-0.23424
0.28551,0.011976,-0.35225,-0.18406,0.051321,0.13774,-0.22994
0.281,0.011818,-0.34634,-0.17751,0.049996,0.13338,-0.2264
0.27732,0.011679,-0.34146,-0.1716,0.048983,0.12946,-0.22362
0.27448,0.011558,-0.3376,-0.16635,0.048283,0.12599,-0.22159
0.27247,0.011455,-0.33478,-0.16175,0.047896,0.12296,-0.22033
0.2713,0.01137,-0.33298,-0.15781,0.047821,0.12038,-0.21983
0.27096,0.011303,-0.33222,-0.15452,0.048058,0.11824,-0.22008
0.27145,0.011254,-0.33248,-0.15188,0.048608,0.11654,-0.2211
0.27278,0.011224,-0.33377,-0.14989,0.04947,0.11529,-0.22288
0.27494,0.011211,-0.33609,-0.14856,0.050645,0.11448,-0.22542
0.27794,0.011217,-0.33944,-0.14788,0.052133,0.11412,-0.22871
0.28176,0.011241,-0.34381,-0.14785,0.053933,0.1142,-0.23277
0.28595,0.011255,-0.34864,-0.14807,0.055639,0.11444,-0.23693
0.28999,0.011233,-0.3533,-0.14813,0.056828,0.11457,-0.24049
0.29389,0.011172,-0.3578,-0.14803,0.057501,0.11458,-0.24346
0.29763,0.011075,-0.36213,-0.14778,0.057658,0.11447,-0.24584
0.30123,0.01094,-0.36629,-0.14736,0.057297,0.11424,-0.24762
0.30468,0.010767,-0.37029,-0.14678,0.056421,0.1139,-0.24881
0.30799,0.010557,-0.37412,-0.14604,0.055028,0.11343,-0.24941
0.31114,0.01031,-0.37778,-0.14514,0.053118,0.11285,-0.24941
0.31415,0.010026,-0.38128,-0.14408,0.050692,0.11215,-0.24882
0.31701,0.009704,-0.38461,-0.14287,0.04775,0.11133,-0.24764
0.31973,0.0093447,-0.38777,-0.14149,0.044291,0.11039,-0.24586
0.32229,0.0089481,-0.39077,-0.13995,0.040316,0.10933,-0.24349
0.32471,0.0085142,-0.3936,-0.13825,0.035824,0.10816,-0.24053
0.32698,0.0080428,-0.39627,-0.1364,0.030815,0.10687,-0.23697
0.32911,0.0075341,-0.39877,-0.13438,0.02529,0.10546,-0.23282
0.33108,0.006988,-0.4011,-0.1322,0.019249,0.10393,-0.22807
0.33291,0.0064046,-0.40326,-0.12987,0.012691,0.10228,-0.22273
0.33459,0.0057838,-0.40526,-0.12737,0.0056167,0.10051,-0.2168
0.33613,0.0051256,-0.4071,-0.12471,-0.0019741,0.09863,-0.21027
0.33751,0.00443,-0.40876,-0.1219,-0.010081,0.096628,-0.20315
0.33875,0.0036971,-0.41026,-0.11892,-0.018705,0.094507,-0.19544
0.33984,0.0029524,-0.41158,-0.11599,-0.026989,0.092412,-0.18798
0.34082,0.0021835,-0.41278,-0.11314,-0.034525,0.090379,-0.1812
0.34171,0.0013904,-0.41385,-0.11039,-0.041313,0.088408,-0.17511
0.34249,0.0005731,-0.41479,-0.10773,-0.047352,0.086498,-0.16971
0.34317,-0.00026835,-0.41562,-0.10516,-0.052644,0.084649,-0.165
0.34376,-0.001134,-0.41632,-0.10268,-0.057187,0.082861,-0.16097
0.34424,-0.0020238,-0.41689,-0.10029,-0.060982,0.081135,-0.15763
0.34463,-0.0029378,-0.41734,-0.097993,-0.06403,0.07947,-0.15498
0.34491,-0.0038759,-0.41767,-0.095786,-0.066329,0.077867,-0.15302
0.34509,-0.0048383,-0.41787,-0.093669,-0.067879,0.076325,-0.15174
0.34518,-0.0058248,-0.41795,-0.091643,-0.068682,0.074844,-0.15116
0.34516,-0.0068355,-0.41791,-0.089708,-0.068737,0.073425,-0.15126
0.34504,-0.0078704,-0.41774,-0.087864,-0.068044,0.072067,-0.15204
0.34482,-0.0089295,-0.41744,-0.086111,-0.066602,0.07077,-0.15352
0.34451,-0.010013,-0.41703,-0.084448,-0.064412,0.069535,-0.15568
0.34409,-0.01112,-0.41648,-0.082876,-0.061475,0.068361,-0.15853
0.34357,-0.012252,-0.41582,-0.081395,-0.057789,0.067248,-0.16207
0.34295,-0.013408,-0.41503,-0.080005,-0.053355,0.066197,-0.1663
0.34223,-0.014587,-0.41412,-0.078705,-0.048173,0.065207,-0.17121
0.34141,-0.015792,-0.41308,-0.077497,-0.042242,0.064278,-0.17681
0.34049,-0.01702,-0.41192,-0.076379,-0.035564,0.063411,-0.1831
0.33947,-0.018272,-0.41063,-0.075352,-0.028138,0.062605,-0.19008
0.33836,-0.019549,-0.40922,-0.074415,-0.019963,0.061861,-0.19774
0.33722,-0.020903,-0.40779,-0.073438,-0.011587,0.061079,-0.20563
0.33626,-0.022254,-0.4066,-0.072379,-0.0044362,0.060233,-0.21243
0.33548,-0.023602,-0.40564,-0.07124,0.0014893,0.059323,-0.21816
0.33488,-0.024948,-0.40493,-0.070019,0.0061896,0.05835,-0.2228
0.33447,-0.02629,-0.40444,-0.068716,0.0096646,0.057314,-0.22638
0.33424,-0.02763,-0.4042,-0.067333,0.011914,0.056214,-0.22887
0.33418,-0.028968,-0.40419,-0.065869,0.012939,0.055051,-0.23028
0.33431,-0.030302,-0.40442,-0.064323,0.012738,0.053824,-0.23062
0.33462,-0.031634,-0.40488,-0.062696,0.011311,0.052533,-0.22988
0.33511,-0.032963,-0.40559,-0.060988,0.00866,0.051179,-0.22807
0.33579,-0.034289,-0.40653,-0.059199,0.0047832,0.049762,-0.22517
0.3365,-0.035623,-0.40751,-0.057384,0.00057518,0.048322,-0.22199
0.3371,-0.036973,-0.40836,-0.055604,-0.0030606,0.046902,-0.21932
0.33759,-0.038338,-0.40905,-0.053858,-0.0061243,0.045503,-0.21716
0.33797,-0.039719,-0.40961,-0.052147,-0.0086157,0.044125,-0.21552
0.33824,-0.041116,-0.41002,-0.050471,-0.010535,0.042768,-0.21439
0.3384,-0.042529,-0.41029,-0.048829,-0.011882,0.041432,-0.21377
0.33845,-0.043957,-0.41041,-0.047221,-0.012657,0.040116,-0.21367
0.33839,-0.045401,-0.41039,-0.045648,-0.012859,0.038821,-0.21408
0.33822,-0.04686,-0.41022,-0.04411,-0.01249,0.037547,-0.215
0.33794,-0.048335,-0.40991,-0.042606,-0.011548,0.036294,-0.21643
0.33756,-0.049826,-0.40946,-0.041136,-0.010034,0.035061,-0.21837
0.33716,-0.051324,-0.40903,-0.039688,-0.0086228,0.033845,-0.22025
0.33686,-0.052859,-0.40876,-0.038213,-0.0079467,0.032611,-0.22151
0.33665,-0.054429,-0.40867,-0.03671,-0.0080052,0.031359,-0.22215
0.33653,-0.056034,-0.40874,-0.03518,-0.0087985,0.030089,-0.22219
0.3365,-0.057676,-0.40899,-0.033623,-0.010326,0.0288,-0.22162
0.33656,-0.059354,-0.4094,-0.032039,-0.012589,0.027494,-0.22044
0.33671,-0.061067,-0.40999,-0.030427,-0.015587,0.02617,-0.21865
0.33695,-0.062816,-0.41074,-0.028788,-0.019319,0.024828,-0.21625
0.33729,-0.064601,-0.41167,-0.027122,-0.023786,0.023467,-0.21323
0.33771,-0.066422,-0.41276,-0.025429,-0.028988,0.022089,-0.20961
0.33822,-0.068278,-0.41402,-0.023708,-0.034924,0.020693,-0.20538
0.33872,-0.070277,-0.4153,-0.021845,-0.041122,0.019176,-0.20099
0.33902,-0.072247,-0.41625,-0.01998,-0.046174,0.017644,-0.19757
0.33912,-0.074186,-0.41686,-0.018113,-0.05008,0.016097,-0.19513
0.33902,-0.076097,-0.41713,-0.016244,-0.05284,0.014535,-0.19365
0.33872,-0.077978,-0.41707,-0.014373,-0.054454,0.012958,-0.19315
0.33822,-0.079829,-0.41667,-0.012501,-0.054921,0.011366,-0.19363
0.33752,-0.081651,-0.41594,-0.010628,-0.054242,0.0097589,-0.19507
0.33662,-0.083443,-0.41487,-0.0087523,-0.052417,0.0081368,-0.19749
0.33553,-0.085206,-0.41347,-0.0068752,-0.049446,0.0064997,-0.20088
0.33423,-0.086939,-0.41173,-0.0049964,-0.045328,0.0048477,-0.20524
0.33297,-0.088657,-0.41005,-0.0032124,-0.041162,0.003274,-0.20968
0.33187,-0.0905,-0.40866,-0.0014802,-0.037696,0.001749,-0.21368
0.33095,-0.092469,-0.40758,0.00020016,-0.034931,0.00027273,-0.21722
0.33019,-0.094563,-0.40679,0.0018288,-0.032867,-0.0011549,-0.22031
0.3296,-0.096783,-0.4063,0.0034056,-0.031503,-0.0025339,-0.22296
0.32918,-0.099129,-0.40611,0.0049307,-0.03084,-0.0038642,-0.22515
0.32893,-0.1016,-0.40623,0.006404,-0.030877,-0.0051459,-0.22689
0.32885,-0.1042,-0.40664,0.0078255,-0.031615,-0.0063789,-0.22818
0.32893,-0.10692,-0.40735,0.0091952,-0.033054,-0.0075632,-0.22903
0.32919,-0.10977,-0.40836,0.010513,-0.035193,-0.0086989,-0.22942
0.32929,-0.11266,-0.40917,0.012124,-0.037661,-0.010078,-0.22944
0.32888,-0.11513,-0.40915,0.014209,-0.039775,-0.011853,-0.22915
0.32797,-0.1172,-0.40829,0.016768,-0.041533,-0.014023,-0.22854
0.32654,-0.11885,-0.40659,0.019801,-0.042936,-0.016589,-0.22763
0.32461,-0.1201,-0.40406,0.023308,-0.043985,-0.01955,-0.2264
0.32216,-0.12093,-0.40069,0.02729,-0.044678,-0.022907,-0.22486
0.31921,-0.12135,-0.39648,0.031746,-0.045015,-0.026659,-0.223
0.31574,-0.12136,-0.39144,0.036676,-0.044998,-0.030807,-0.22084
0.31177,-0.12096,-0.38556,0.04208,-0.044626,-0.03535,-0.21836
0.30856,-0.12116,-0.38092,0.046665,-0.044428,-0.039209,-0.21672
0.30701,-0.12293,-0.379,0.049681,-0.044883,-0.04176,-0.21683
0.30712,-0.12625,-0.3798,0.051128,-0.045989,-0.043001,-0.21867
0.30887,-0.13114,-0.38331,0.051005,-0.047748,-0.042934,-0.22226
0.31227,-0.1376,-0.38954,0.049313,-0.050158,-0.041559,-0.2276
0.31733,-0.14561,-0.39849,0.046051,-0.05322,-0.038875,-0.23467
0.32403,-0.15519,-0.41016,0.04122,-0.056935,-0.034882,-0.24349
0.33239,-0.16633,-0.42454,0.034819,-0.061301,-0.02958,-0.25405
0.3424,-0.17903,-0.44164,0.026849,-0.06632,-0.02297,-0.26635
0.35012,-0.18987,-0.45501,0.02123,-0.070595,-0.018311,-0.27637
0.35011,-0.19356,-0.45562,0.023095,-0.07199,-0.01987,-0.27825
0.34238,-0.1901,-0.44349,0.032444,-0.070506,-0.027647,-0.27199
0.32691,-0.17949,-0.41862,0.049278,-0.066143,-0.041641,-0.2576
0.30372,-0.16173,-0.38099,0.073596,-0.058899,-0.061853,-0.23507
0.2728,-0.13681,-0.33062,0.1054,-0.048777,-0.088283,-0.20441
0.23415,-0.10475,-0.26749,0.14469,-0.035774,-0.12093,-0.16561
0.18778,-0.065531,-0.19162,0.19146,-0.019892,-0.1598,-0.11868
0.14579,-0.029223,-0.12261,0.23473,-0.0050922,-0.19556,-0.075926
0.10836,0.0042802,-0.06053,0.27554,0.0087814,-0.22888,-0.037569
0.075488,0.03498,-0.0053717,0.31387,0.021728,-0.25975,-0.0036034
0.047178,0.062875,0.042861,0.34973,0.033749,-0.28817,0.025971
0.023428,0.087967,0.084169,0.38312,0.044842,-0.31415,0.051154
0.0042384,0.11026,0.11855,0.41404,0.055009,-0.33768,0.071946
-0.010391,0.12974,0.14601,0.44248,0.06425,-0.35877,0.088346
-0.02046,0.14642,0.16654,0.46845,0.072563,-0.3774,0.10035
-0.02597,0.1603,0.18014,0.49195,0.07995,-0.3936,0.10797
-0.026919,0.17137,0.18682,0.51298,0.08641,-0.40734,0.1112
-0.023307,0.17964,0.18658,0.53154,0.091944,-0.41864,0.11003
-0.015136,0.1851,0.17941,0.54762,0.096551,-0.42749,0.10448
-0.0024045,0.18776,0.16531,0.56123,0.10023,-0.4339,0.094527
0.014887,0.18762,0.14429,0.57238,0.10298,-0.43786,0.080187
0.036739,0.18467,0.11634,0.58104,0.10481,-0.43937,0.061456
0.059567,0.18012,0.086076,0.58641,0.10577,-0.43825,0.041405
0.078385,0.1754,0.059931,0.58721,0.10585,-0.43429,0.02432
0.093193,0.17051,0.037905,0.58344,0.10504,-0.42749,0.010202
0.10399,0.16546,0.019998,0.5751,0.10335,-0.41786,-0.00094875
0.11078,0.16025,0.0062086,0.5622,0.10078,-0.40538,-0.0091334
0.11356,0.15487,-0.0034621,0.54473,0.097315,-0.39007,-0.014351
0.11233,0.14933,-0.0090143,0.5227,0.092971,-0.37192,-0.016603
0.1071,0.14362,-0.010448,0.4961,0.087743,-0.35093,-0.015888
0.097848,0.13775,-0.0077632,0.46493,0.081631,-0.32711,-0.012206
0.08459,0.13172,-0.00095998,0.42919,0.074634,-0.30044,-0.0055579
0.067324,0.12552,0.0099617,0.38889,0.066753,-0.27094,0.0040569
0.046048,0.11916,0.025002,0.34402,0.057988,-0.2386,0.016638
0.020762,0.11263,0.044161,0.29459,0.048339,-0.20342,0.032186
-0.0085328,0.10594,0.067438,0.24058,0.037806,-0.1654,0.050701
-0.041837,0.09909,0.094833,0.18202,0.026388,-0.12455,0.072182
-0.079151,0.092072,0.12635,0.11888,0.014087,-0.080856,0.09663
-0.11557,0.085495,0.15746,0.058396,0.0022456,-0.039134,0.12069
-0.14962,0.079343,0.18658,0.0020473,-0.0089064,-0.00024166,0.14328
-0.18131,0.073617,0.21372,-0.050164,-0.019369,0.035821,0.16441
-0.21064,0.068317,0.23888,-0.098239,-0.029143,0.069053,0.18406
-0.2376,0.063441,0.26205,-0.14218,-0.038228,0.099456,0.20225
-0.2622,0.058991,0.28323,-0.18198,-0.046623,0.12703,0.21897
-0.28444,0.054966,0.30243,-0.21764,-0.05433,0.15177,0.23421
-0.30432,0.051366,0.31965,-0.24917,-0.061347,0.17369,0.24799
-0.32183,0.048192,0.33488,-0.27656,-0.067675,0.19277,0.26031
-0.33698,0.045443,0.34812,-0.29981,-0.073314,0.20903,0.27115
-0.34977,0.043119,0.35938,-0.31893,-0.078264,0.22245,0.28052
-0.3602,0.041221,0.36865,-0.33391,-0.082525,0.23305,0.28843
-0.36826,0.039748,0.37594,-0.34476,-0.086096,0.24081,0.29487
-0.37396,0.0387,0.38125,-0.35146,-0.088979,0.24575,0.29983
-0.3773,0.038078,0.38457,-0.35403,-0.091172,0.24785,0.30333
-0.37827,0.03788,0.3859,-0.35247,-0.092677,0.24713,0.30536
-0.37688,0.038109,0.38525,-0.34676,-0.093492,0.24357,0.30593
-0.37313,0.038762,0.38261,-0.33692,-0.093618,0.23719,0.30502
-0.36702,0.039841,0.37799,-0.32294,-0.093055,0.22798,0.30264
-0.35854,0.041345,0.37138,-0.30483,-0.091803,0.21594,0.2988
-0.34921,0.043001,0.36406,-0.28517,-0.090194,0.20283,0.29432
-0.34059,0.044525,0.35733,-0.26665,-0.088571,0.19049,0.29005
-0.33267,0.045918,0.35119,-0.24927,-0.086934,0.17893,0.28599
-0.32546,0.047181,0.34565,-0.23304,-0.085282,0.16815,0.28215
-0.31895,0.048311,0.3407,-0.21796,-0.083616,0.15813,0.27852
-0.31315,0.049311,0.33634,-0.20402,-0.081935,0.14889,0.27511
-0.30806,0.05018,0.33257,-0.19122,-0.080239,0.14042,0.27191
-0.30367,0.050917,0.3294,-0.17957,-0.078529,0.13273,0.26892
-0.29999,0.051523,0.32682,-0.16907,-0.076805,0.12581,0.26615
-0.29701,0.051998,0.32484,-0.15971,-0.075066,0.11966,0.2636
-0.29474,0.052342,0.32344,-0.15149,-0.073312,0.11429,0.26125
-0.29318,0.052554,0.32265,-0.14442,-0.071544,0.10968,0.25912
-0.29232,0.052635,0.32244,-0.1385,-0.069761,0.10586,0.25721
-0.29217,0.052585,0.32283,-0.13372,-0.067964,0.1028,0.25551
-0.29272,0.052404,0.32381,-0.13008,-0.066152,0.10052,0.25402
-0.29398,0.052092,0.32538,-0.12759,-0.064326,0.099011,0.25275
-0.29595,0.051648,0.32754,-0.12625,-0.062485,0.098276,0.25169
-0.29862,0.051073,0.3303,-0.12605,-0.06063,0.098314,0.25084
-0.302,0.050367,0.33366,-0.12699,-0.05876,0.099125,0.25021
-0.30608,0.04953,0.3376,-0.12908,-0.056875,0.10071,0.2498
-0.31087,0.048562,0.34214,-0.13232,-0.054976,0.10307,0.24959
-0.31622,0.047428,0.34718,-0.13612,-0.053094,0.10582,0.24957
-0.32085,0.046318,0.35157,-0.13908,-0.051676,0.10797,0.24972
-0.32477,0.045233,0.35532,-0.14119,-0.050722,0.10954,0.25003
-0.32797,0.044173,0.35842,-0.14247,-0.050232,0.11052,0.25051
-0.33046,0.043138,0.36087,-0.1429,-0.050205,0.1109,0.25116
-0.33223,0.042127,0.36268,-0.14249,-0.050643,0.1107,0.25197
-0.33329,0.041141,0.36384,-0.14124,-0.051544,0.1099,0.25296
-0.33363,0.040179,0.36436,-0.13914,-0.052909,0.10852,0.25411
-0.33326,0.039243,0.36423,-0.13621,-0.054738,0.10654,0.25542
-0.33217,0.038331,0.36346,-0.13243,-0.057031,0.10398,0.25691
-0.33099,0.037472,0.36262,-0.12859,-0.059017,0.10137,0.2581
-0.3302,0.036596,0.3622,-0.12503,-0.060204,0.098939,0.2587
-0.32979,0.035704,0.36219,-0.12174,-0.06059,0.096697,0.25873
-0.32977,0.034796,0.3626,-0.11873,-0.060176,0.094641,0.25817
-0.33013,0.03387,0.36341,-0.11598,-0.058962,0.092769,0.25702
-0.33087,0.032928,0.36464,-0.11351,-0.056948,0.091082,0.25529
-0.33199,0.031969,0.36627,-0.11131,-0.054133,0.08958,0.25298
-0.3335,0.030994,0.36832,-0.10938,-0.050518,0.088263,0.25008
-0.33539,0.030002,0.37078,-0.10773,-0.046103,0.087132,0.2466
-0.33766,0.028993,0.37365,-0.10634,-0.040888,0.086185,0.24254
-0.34032,0.027967,0.37694,-0.10523,-0.034873,0.085423,0.23789
-0.34286,0.026887,0.38006,-0.10413,-0.029309,0.084657,0.23361
-0.3446,0.025785,0.38222,-0.10283,-0.025891,0.083741,0.23098
-0.34552,0.024661,0.38342,-0.10133,-0.02462,0.082678,0.23
-0.34563,0.023515,0.38364,-0.09964,-0.025495,0.081466,0.23067
-0.34494,0.022348,0.3829,-0.097754,-0.028517,0.080105,0.23299
-0.34343,0.021159,0.3812,-0.095672,-0.033685,0.078595,0.23696
-0.34112,0.019948,0.37853,-0.093396,-0.040999,0.076937,0.24259
-0.33799,0.018715,0.37489,-0.090924,-0.05046,0.075131,0.24987
-0.33406,0.017461,0.37028,-0.088257,-0.062067,0.073176,0.2588
-0.32932,0.016185,0.36471,-0.085395,-0.075821,0.071072,0.26938
-0.32376,0.014888,0.35817,-0.082338,-0.091721,0.06882,0.28162
-0.31851,0.013631,0.35201,-0.07942,-0.10668,0.066666,0.29313
-0.31427,0.012385,0.34706,-0.076753,-0.1188,0.064696,0.30247
-0.31102,0.011152,0.34333,-0.074339,-0.12808,0.062908,0.30962
-0.30877,0.0099305,0.34082,-0.072178,-0.13452,0.061303,0.31459
-0.30753,0.0087208,0.33953,-0.070269,-0.13812,0.059882,0.31737
-0.30728,0.007523,0.33945,-0.068612,-0.13888,0.058644,0.31798
-0.30804,0.006337,0.3406,-0.067208,-0.13679,0.057588,0.3164
-0.3098,0.0051628,0.34297,-0.066056,-0.13187,0.056716,0.31265
-0.31256,0.0040005,0.34655,-0.065157,-0.1241,0.056027,0.30671
-0.31632,0.00285,0.35135,-0.06451,-0.11349,0.055521,0.29859
-0.32108,0.0017114,0.35737,-0.064116,-0.10005,0.055198,0.28828
-0.32685,0.00058456,0.36461,-0.063973,-0.083759,0.055058,0.2758
-0.3327,-0.00053681,0.37197,-0.063885,-0.067213,0.054954,0.26313
-0.33786,-0.0016839,0.3785,-0.063653,-0.052604,0.054739,0.25199
-0.34234,-0.0028566,0.3842,-0.063277,-0.039931,0.054412,0.24236
-0.34612,-0.0040551,0.38909,-0.062756,-0.029193,0.053974,0.23426
-0.34923,-0.0052792,0.39315,-0.062091,-0.020392,0.053424,0.22767
-0.35164,-0.0065291,0.39639,-0.061281,-0.013528,0.052762,0.2226
-0.35337,-0.0078046,0.39881,-0.060327,-0.008599,0.051988,0.21906
-0.3544,-0.0091059,0.40041,-0.059229,-0.0056065,0.051103,0.21703
-0.35476,-0.010433,0.40118,-0.057987,-0.0045502,0.050107,0.21652
-0.35442,-0.011785,0.40114,-0.0566,-0.00543,0.048998,0.21754
-0.3534,-0.013164,0.40027,-0.055069,-0.008246,0.047778,0.22007
-0.35169,-0.014568,0.39858,-0.053393,-0.012998,0.046447,0.22412
-0.34977,-0.015988,0.39666,-0.051692,-0.018192,0.04509,0.22852
-0.34813,-0.01743,0.39511,-0.050066,-0.022388,0.043781,0.23214
-0.34675,-0.018893,0.39391,-0.048517,-0.025585,0.042521,0.23497
-0.34563,-0.020376,0.39307,-0.047043,-0.027783,0.041308,0.23703
-0.34479,-0.02188,0.39259,-0.045645,-0.028983,0.040144,0.2383
-0.3442,-0.023406,0.39247,-0.044323,-0.029184,0.039028,0.23879
-0.34389,-0.024952,0.3927,-0.043077,-0.028387,0.03796,0.23849
-0.34384,-0.02652,0.3933,-0.041906,-0.026592,0.03694,0.23742
-0.34406,-0.028108,0.39425,-0.040812,-0.023797,0.035968,0.23556
-0.34454,-0.029717,0.39556,-0.039793,-0.020004,0.035044,0.23292
-0.34529,-0.031347,0.39723,-0.03885,-0.015213,0.034169,0.2295
-0.3463,-0.032998,0.39926,-0.037983,-0.009423,0.033342,0.22529
-0.34735,-0.034747,0.40138,-0.037044,-0.0034428,0.032448,0.221
-0.34805,-0.03645,0.40301,-0.035992,0.0010894,0.031482,0.21791
-0.34841,-0.038108,0.40416,-0.034828,0.0041736,0.030441,0.21602
-0.34841,-0.039721,0.40483,-0.033552,0.0058096,0.029327,0.21534
-0.34807,-0.041289,0.40501,-0.032164,0.0059976,0.02814,0.21586
-0.34738,-0.042811,0.40472,-0.030664,0.0047375,0.026878,0.21758
-0.34635,-0.044288,0.40394,-0.029051,0.0020294,0.025543,0.22051
-0.34496,-0.04572,0.40268,-0.027327,-0.0021268,0.024135,0.22465
-0.34323,-0.047106,0.40094,-0.025491,-0.0077311,0.022653,0.22999
-0.34115,-0.048448,0.39872,-0.023542,-0.014783,0.021097,0.23653
-0.33873,-0.049744,0.39602,-0.021482,-0.023284,0.019467,0.24428
-0.33638,-0.051017,0.39343,-0.019493,-0.03132,0.017887,0.25163
-0.33436,-0.052368,0.39137,-0.017629,-0.037544,0.016379,0.25748
-0.33269,-0.053796,0.38983,-0.015891,-0.041954,0.014941,0.26185
-0.33135,-0.055302,0.38882,-0.014279,-0.044552,0.013575,0.26472
-0.33035,-0.056886,0.38834,-0.012792,-0.045337,0.01228,0.26609
-0.32969,-0.058547,0.38838,-0.011431,-0.044309,0.011056,0.26598
-0.32936,-0.060285,0.38895,-0.010196,-0.041468,0.0099029,0.26437
-0.32938,-0.062101,0.39005,-0.009086,-0.036814,0.0088213,0.26126
-0.32973,-0.063995,0.39167,-0.0081018,-0.030347,0.0078108,0.25667
-0.33042,-0.065966,0.39382,-0.0072432,-0.022068,0.0068715,0.25058
-0.33144,-0.068015,0.3965,-0.0065103,-0.011975,0.0060034,0.24299
-0.3326,-0.070188,0.39943,-0.0057082,-0.001293,0.0050616,0.23504
-0.3336,-0.072373,0.40211,-0.0046937,0.0079128,0.0039649,0.22849
-0.33443,-0.074569,0.40455,-0.0034666,0.015642,0.0027134,0.22332
-0.33509,-0.076777,0.40674,-0.002027,0.021896,0.0013071,0.21955
-0.33559,-0.078997,0.40869,-0.00037485,0.026673,-0.00025401,0.21717
-0.33593,-0.081228,0.41039,0.0014898,0.029974,-0.00197,0.21619
-0.3361,-0.083471,0.41185,0.003567,0.031798,-0.0038408,0.2166
-0.3361,-0.085726,0.41306,0.0058567,0.032147,-0.0058664,0.2184
-0.33594,-0.087992,0.41403,0.0083589,0.031019,-0.0080468,0.2216
-0.33561,-0.09027,0.41475,0.011074,0.028415,-0.010382,0.22619
-0.33496,-0.092301,0.41496,0.013584,0.025578,-0.012532,0.23061
-0.33376,-0.094092,0.41447,0.015798,0.023367,-0.014436,0.23391
-0.33204,-0.095641,0.41327,0.017717,0.021781,-0.016092,0.23608
-0.32977,-0.096949,0.41136,0.019339,0.02082,-0.017502,0.23712
-0.32697,-0.098017,0.40874,0.020664,0.020486,-0.018664,0.23704
-0.32363,-0.098843,0.40542,0.021694,0.020776,-0.01958,0.23583
-0.31975,-0.099428,0.4014,0.022428,0.021692,-0.020249,0.2335
-0.31534,-0.099772,0.39666,0.022865,0.023234,-0.020671,0.23004
-0.31039,-0.099874,0.39122,0.023007,0.025401,-0.020846,0.22546
-0.30491,-0.099736,0.38507,0.022852,0.028193,-0.020775,0.21975
-0.30031,-0.10008,0.38023,0.023216,0.031437,-0.021156,0.21458
-0.29851,-0.10164,0.37925,0.024942,0.034695,-0.022707,0.21216
-0.29951,-0.10442,0.38214,0.028028,0.037966,-0.025427,0.21247
-0.30332,-0.10843,0.3889,0.032474,0.041251,-0.029317,0.21552
-0.30992,-0.11365,0.39952,0.038282,0.04455,-0.034376,0.22131
-0.31933,-0.1201,0.414,0.04545,0.047862,-0.040605,0.22985
-0.33154,-0.12776,0.43235,0.053978,0.051188,-0.048004,0.24112
-0.34655,-0.13665,0.45457,0.063868,0.054527,-0.056572,0.25513
-0.36436,-0.14676,0.48065,0.075118,0.057881,-0.06631,0.27189
-0.37799,-0.15519,0.50101,0.084838,0.060266,-0.074691,0.28568
-0.37829,-0.15781,0.5029,0.088778,0.060321,-0.078013,0.28876
-0.36524,-0.15464,0.4863,0.086939,0.058043,-0.076277,0.28112
-0.33884,-0.14565,0.45121,0.07932,0.053435,-0.069483,0.26276
-0.29911,-0.13087,0.39764,0.065921,0.046494,-0.05763,0.23369
-0.24603,-0.11028,0.32559,0.046742,0.037222,-0.040719,0.19389
-0.17961,-0.08389,0.23505,0.021784,0.025619,-0.018749,0.14338
-0.099845,-0.051696,0.12603,-0.0089542,0.011684,0.0082792,0.082145
-0.025392,-0.021511,0.024171,-0.037774,-0.0014336,0.033629,0.024938
0.043436,0.0062947,-0.069968,-0.064113,-0.013789,0.056835,-0.027628
0.10664,0.031723,-0.15639,-0.08797,-0.025383,0.077897,-0.075553
0.16421,0.054772,-0.23508,-0.10935,-0.036214,0.096815,-0.11884
0.21617,0.075444,-0.30606,-0.12824,-0.046283,0.11359,-0.15748
0.26249,0.093737,-0.36932,-0.14465,-0.05559,0.12822,-0.19148
0.30319,0.10965,-0.42485,-0.15858,-0.064135,0.1407,-0.22084
0.33826,0.12319,-0.47267,-0.17003,-0.071917,0.15105,-0.24556
0.36771,0.13435,-0.51276,-0.179,-0.078938,0.15924,-0.26563
0.39154,0.14313,-0.54514,-0.18549,-0.085196,0.1653,-0.28107
0.40973,0.14953,-0.56979,-0.18949,-0.090692,0.16921,-0.29187
0.4223,0.15355,-0.58672,-0.19102,-0.095426,0.17097,-0.29802
0.42925,0.1552,-0.59594,-0.19006,-0.099398,0.17059,-0.29953
0.43057,0.15447,-0.59743,-0.18662,-0.10261,0.16807,-0.2964
0.42627,0.15135,-0.5912,-0.1807,-0.10505,0.1634,-0.28863
0.41634,0.14587,-0.57725,-0.1723,-0.10674,0.15659,-0.27622
0.40078,0.138,-0.55558,-0.16141,-0.10766,0.14764,-0.25917
0.38316,0.12924,-0.53105,-0.14968,-0.10809,0.13793,-0.24061
0.36692,0.12103,-0.50834,-0.13864,-0.10829,0.12878,-0.22354
0.35205,0.11335,-0.48744,-0.12829,-0.10827,0.1202,-0.20797
0.33856,0.10622,-0.46836,-0.11864,-0.10803,0.11219,-0.19388
0.32644,0.099624,-0.4511,-0.10968,-0.10756,0.10474,-0.18129
0.31569,0.093569,-0.43565,-0.10142,-0.10686,0.097853,-0.17019
0.30632,0.088053,-0.42203,-0.093855,-0.10595,0.091533,-0.16058
0.29833,0.083078,-0.41021,-0.086982,-0.1048,0.085777,-0.15246
0.29171,0.078642,-0.40022,-0.080804,-0.10344,0.080586,-0.14584
0.28646,0.074746,-0.39204,-0.07532,-0.10184,0.07596,-0.14071
0.28258,0.07139,-0.38568,-0.070531,-0.10003,0.071898,-0.13706
0.28009,0.068574,-0.38114,-0.066436,-0.097987,0.068401,-0.13491
0.27896,0.066298,-0.37841,-0.063036,-0.095722,0.06547,-0.13426
0.27921,0.064561,-0.3775,-0.060331,-0.093233,0.063102,-0.13509
0.28084,0.063365,-0.37841,-0.05832,-0.090519,0.0613,-0.13742
0.28383,0.062708,-0.38114,-0.057003,-0.087581,0.060063,-0.14123
0.28821,0.062591,-0.38568,-0.056381,-0.084418,0.05939,-0.14654
0.29395,0.063014,-0.39204,-0.056454,-0.081031,0.059282,-0.15334
0.30108,0.063977,-0.40021,-0.057221,-0.07742,0.059739,-0.16164
0.30865,0.065085,-0.40903,-0.058136,-0.074188,0.060331,-0.16997
0.31518,0.065854,-0.41665,-0.058571,-0.072214,0.060577,-0.17625
0.32066,0.066284,-0.42306,-0.058526,-0.071497,0.060476,-0.18046
0.3251,0.066374,-0.42828,-0.058,-0.072036,0.060027,-0.1826
0.32849,0.066125,-0.43229,-0.056995,-0.073833,0.059232,-0.18268
0.33084,0.065536,-0.4351,-0.055509,-0.076887,0.058089,-0.1807
0.33214,0.064608,-0.43671,-0.053543,-0.081198,0.0566,-0.17666
0.3324,0.063341,-0.43712,-0.051096,-0.086766,0.054763,-0.17055
0.33161,0.061734,-0.43633,-0.04817,-0.093591,0.05258,-0.16237
0.32978,0.059789,-0.43434,-0.044763,-0.10167,0.050049,-0.15214
0.32789,0.057759,-0.43213,-0.041414,-0.10896,0.047512,-0.14256
0.32677,0.05576,-0.43054,-0.038417,-0.114,0.045128,-0.13561
0.32643,0.053791,-0.42957,-0.035773,-0.11677,0.042898,-0.13129
0.32686,0.051854,-0.4292,-0.033481,-0.11729,0.040822,-0.1296
0.32806,0.049946,-0.42944,-0.031541,-0.11555,0.038899,-0.13054
0.33004,0.04807,-0.4303,-0.029954,-0.11155,0.037129,-0.13411
0.33279,0.046224,-0.43177,-0.02872,-0.1053,0.035514,-0.14031
0.33631,0.044409,-0.43384,-0.027838,-0.096785,0.034052,-0.14914
0.34061,0.042625,-0.43653,-0.027308,-0.086014,0.032743,-0.1606
0.34567,0.040871,-0.43984,-0.027131,-0.072985,0.031588,-0.17469
0.35152,0.039148,-0.44375,-0.027306,-0.057698,0.030587,-0.19141
0.3569,0.037401,-0.44725,-0.027346,-0.043404,0.029539,-0.20692
0.35998,0.035751,-0.4489,-0.026728,-0.035036,0.028338,-0.21556
0.36073,0.034199,-0.44869,-0.025452,-0.032594,0.026983,-0.21731
0.35917,0.032743,-0.44663,-0.023519,-0.036077,0.025476,-0.21218
0.35529,0.031385,-0.44271,-0.020927,-0.045487,0.023817,-0.20016
0.3491,0.030123,-0.43693,-0.017677,-0.060823,0.022004,-0.18126
0.34059,0.028959,-0.42929,-0.013769,-0.082084,0.020038,-0.15549
0.32976,0.027892,-0.4198,-0.0092036,-0.10927,0.01792,-0.12282
0.31662,0.026921,-0.40845,-0.0039798,-0.14238,0.015648,-0.08328
0.30115,0.026048,-0.39524,0.0019019,-0.18142,0.013224,-0.036853
0.28338,0.025272,-0.38017,0.0084417,-0.22639,0.010647,0.016457
0.26627,0.024549,-0.36569,0.014705,-0.26971,0.0081953,0.06778
0.25108,0.023767,-0.35278,0.020387,-0.3082,0.0059049,0.11344
0.23782,0.022926,-0.34142,0.025486,-0.34186,0.0037759,0.15342
0.22647,0.022027,-0.33163,0.030002,-0.37069,0.0018083,0.18774
0.21705,0.021069,-0.32341,0.033936,-0.39469,1.917e-06,0.21639
0.20955,0.020053,-0.31674,0.037288,-0.41386,-0.0016431,0.23938
0.20397,0.018979,-0.31164,0.040057,-0.42819,-0.0031268,0.25669
0.20031,0.017845,-0.30811,0.042243,-0.4377,-0.0044491,0.26834
0.19858,0.016654,-0.30613,0.043848,-0.44237,-0.0056101,0.27432
0.19876,0.015403,-0.30572,0.04487,-0.44221,-0.0066097,0.27463
0.20087,0.014095,-0.30688,0.045309,-0.43723,-0.0074481,0.26927
0.2049,0.012727,-0.3096,0.045166,-0.42741,-0.008125,0.25825
0.21085,0.011301,-0.31388,0.044441,-0.41276,-0.0086407,0.24155
0.21872,0.0098172,-0.31972,0.043133,-0.39328,-0.008995,0.21919
0.22852,0.0082743,-0.32713,0.041242,-0.36896,-0.009188,0.19116
0.24023,0.0066729,-0.3361,0.03877,-0.33982,-0.0092196,0.15746
0.25387,0.005013,-0.34664,0.035714,-0.30584,-0.0090899,0.1181
0.26943,0.0032946,-0.35874,0.032077,-0.26704,-0.0087989,0.073064
0.28691,0.0015176,-0.3724,0.027857,-0.2234,-0.0083465,0.022361
0.30507,-0.00034535,-0.38662,0.023522,-0.17843,-0.0079013,-0.029981
0.32121,-0.0021804,-0.39925,0.019895,-0.13923,-0.0076736,-0.07574
0.33534,-0.0039874,-0.4103,0.016974,-0.1058,-0.0076633,-0.11492
0.34745,-0.0057664,-0.41977,0.01476,-0.078149,-0.0078704,-0.14751
0.35754,-0.0075175,-0.42765,0.013253,-0.056265,-0.008295,-0.17352
0.36562,-0.0092406,-0.43395,0.012453,-0.040153,-0.008937,-0.19295
0.37168,-0.010936,-0.43867,0.01236,-0.029813,-0.0097965,-0.20579
0.37573,-0.012603,-0.4418,0.012974,-0.025245,-0.010873,-0.21205
0.37776,-0.014242,-0.44335,0.014295,-0.026449,-0.012168,-0.21173
0.37778,-0.015853,-0.44332,0.016323,-0.033424,-0.01368,-0.20482
0.37578,-0.017436,-0.4417,0.019058,-0.046172,-0.015409,-0.19133
0.37176,-0.018992,-0.4385,0.022499,-0.064691,-0.017356,-0.17126
0.36729,-0.020495,-0.43486,0.025901,-0.083381,-0.019254,-0.15082
0.36337,-0.02209,-0.43152,0.028929,-0.098962,-0.02106,-0.13369
0.36001,-0.023776,-0.42847,0.031583,-0.11143,-0.022774,-0.11987
0.35721,-0.025553,-0.42571,0.033862,-0.12079,-0.024397,-0.10937
0.35496,-0.027422,-0.42325,0.035766,-0.12704,-0.025927,-0.10219
0.35328,-0.029382,-0.42107,0.037297,-0.13018,-0.027366,-0.098313
0.35214,-0.031433,-0.41919,0.038452,-0.13022,-0.028713,-0.097752
0.35157,-0.033576,-0.41759,0.039234,-0.12714,-0.029968,-0.10051
0.35155,-0.03581,-0.41629,0.039641,-0.12095,-0.031131,-0.10657
0.35209,-0.038136,-0.41528,0.039674,-0.11165,-0.032202,-0.11595
0.35319,-0.040553,-0.41456,0.039332,-0.099243,-0.033181,-0.12865
0.35484,-0.043061,-0.41413,0.038616,-0.083725,-0.034068,-0.14465
0.35705,-0.04566,-0.414,0.037525,-0.065097,-0.034864,-0.16397
0.35939,-0.048372,-0.41388,0.036449,-0.0461,-0.035722,-0.18373
0.36111,-0.050869,-0.4135,0.035942,-0.03213,-0.036699,-0.19829
0.36219,-0.053151,-0.41288,0.036005,-0.023187,-0.037794,-0.20765
0.36265,-0.055217,-0.41199,0.036639,-0.01927,-0.039008,-0.21182
0.36248,-0.057069,-0.41085,0.037842,-0.02038,-0.04034,-0.21078
0.36169,-0.058705,-0.40946,0.039615,-0.026516,-0.041791,-0.20455
0.36027,-0.060127,-0.40781,0.041959,-0.037679,-0.043361,-0.19312
0.35822,-0.061333,-0.40591,0.044872,-0.053869,-0.045049,-0.17649
0.35555,-0.062325,-0.40375,0.048355,-0.075086,-0.046855,-0.15466
0.35225,-0.063101,-0.40134,0.052408,-0.10133,-0.048781,-0.12764
0.34832,-0.063663,-0.39867,0.057032,-0.1326,-0.050824,-0.095417
0.34377,-0.064009,-0.39575,0.062225,-0.1689,-0.052987,-0.057997
0.3395,-0.064343,-0.393,0.06703,-0.20249,-0.054992,-0.02337
0.33574,-0.0649,-0.3904,0.071271,-0.23117,-0.056881,0.0061758
0.33248,-0.065682,-0.38796,0.074947,-0.25494,-0.058654,0.030642
0.32973,-0.066687,-0.38568,0.078058,-0.27381,-0.06031,0.050028
0.32748,-0.067915,-0.38356,0.080604,-0.28777,-0.06185,0.064334
0.32574,-0.069368,-0.3816,0.082585,-0.29682,-0.063274,0.07356
0.32451,-0.071044,-0.37979,0.084002,-0.30097,-0.064582,0.077706
0.32378,-0.072944,-0.37814,0.084853,-0.3002,-0.065773,0.076772
0.32355,-0.075067,-0.37664,0.08514,-0.29453,-0.066848,0.070757
0.32383,-0.077415,-0.37531,0.084863,-0.28396,-0.067807,0.059663
0.32462,-0.079986,-0.37413,0.08402,-0.26847,-0.06865,0.043489
0.32591,-0.08278,-0.37311,0.082613,-0.24808,-0.069376,0.022234
0.3277,-0.085799,-0.37225,0.08064,-0.22278,-0.069987,-0.0041008
0.33001,-0.089041,-0.37154,0.078103,-0.19257,-0.070481,-0.035516
0.33281,-0.092507,-0.37099,0.075001,-0.15746,-0.070858,-0.07201
0.33618,-0.096537,-0.37062,0.071701,-0.11857,-0.071422,-0.1127
0.33953,-0.10073,-0.37053,0.069273,-0.084833,-0.072407,-0.1486
0.34285,-0.10507,-0.37072,0.067717,-0.056257,-0.073813,-0.1797
0.34616,-0.10958,-0.3712,0.067032,-0.032839,-0.075641,-0.206
0.34945,-0.11425,-0.37196,0.06722,-0.014579,-0.07789,-0.22751
0.35272,-0.11907,-0.373,0.068279,-0.0014769,-0.080561,-0.24422
0.35597,-0.12406,-0.37433,0.070209,0.0064673,-0.083653,-0.25613
0.35919,-0.1292,-0.37594,0.073012,0.0092535,-0.087166,-0.26325
0.3624,-0.13451,-0.37784,0.076686,0.0068817,-0.091101,-0.26558
0.36559,-0.13997,-0.38002,0.081232,-0.00064795,-0.095457,-0.2631
0.36876,-0.14559,-0.38248,0.08665,-0.013336,-0.10023,-0.25583
0.37075,-0.15033,-0.38396,0.091611,-0.026679,-0.10441,-0.24685
0.37073,-0.15373,-0.38345,0.095415,-0.037818,-0.10751,-0.23819
0.36871,-0.15581,-0.38097,0.098063,-0.046751,-0.10953,-0.22986
0.36469,-0.15655,-0.3765,0.099554,-0.05348,-0.11046,-0.22185
0.35866,-0.15597,-0.37005,0.099889,-0.058004,-0.11032,-0.21417
0.35062,-0.15406,-0.36162,0.099067,-0.060323,-0.10909,-0.20682
0.34059,-0.15083,-0.35121,0.097088,-0.060437,-0.10678,-0.1998
0.32855,-0.14626,-0.33881,0.093953,-0.058346,-0.10339,-0.1931
0.3145,-0.14037,-0.32444,0.089662,-0.054051,-0.098917,-0.18672
0.29845,-0.13315,-0.30808,0.084213,-0.04755,-0.093363,-0.18068
0.2804,-0.1246,-0.28974,0.077609,-0.038845,-0.086728,-0.17496
0.26511,-0.11806,-0.27383,0.072342,-0.029745,-0.081577,-0.17226
0.25861,-0.11748,-0.26603,0.071386,-0.022712,-0.080952,-0.17562
0.26092,-0.12286,-0.26635,0.074738,-0.017745,-0.084852,-0.18505
0.27201,-0.13419,-0.27479,0.0824,-0.014844,-0.093278,-0.20056
0.29191,-0.15148,-0.29133,0.094372,-0.01401,-0.10623,-0.22213
0.32059,-0.17473,-0.316,0.11065,-0.015242,-0.12371,-0.24978
0.35808,-0.20393,-0.34878,0.13124,-0.018541,-0.14571,-0.28349
0.40436,-0.23909,-0.38967,0.15614,-0.023906,-0.17224,-0.32328
0.45943,-0.28021,-0.43868,0.18535,-0.031337,-0.20329,-0.36913
0.5233,-0.32729,-0.4958,0.21887,-0.040835,-0.23887,-0.42105
0.56152,-0.35707,-0.52921,0.24055,-0.047977,-0.26166,-0.45183
0.54768,-0.35167,-0.51454,0.23791,-0.049203,-0.2583,-0.4407
0.49381,-0.31912,-0.46297,0.21648,-0.045802,-0.23474,-0.39736
0.41197,-0.26744,-0.38566,0.18177,-0.039064,-0.19693,-0.33151
0.31419,-0.20465,-0.29381,0.1393,-0.030279,-0.15082,-0.25284
0.21254,-0.1388,-0.19858,0.094577,-0.020738,-0.10235,-0.17103
0.11905,-0.077906,-0.11115,0.053131,-0.01173,-0.057474,-0.0958
0.045763,-0.029998,-0.042702,0.020473,-0.0045449,-0.022139,-0.036826
0.0047321,-0.0031064,-0.0044136,0.0021212,-0.00047306,-0.0022933,-0.0038081
